IGOR
X| Fri Jul 28 14:46:04 2017
X|   0.000000000000 0 X|
X|   0.000000000000 0 X|
X|   0.000000000000 0 X|
X|   0.000000000000 0 X|
X| data_type 	 num_points 	 num_chans 	 shots_per_read 	 reads_per_point 	 num_sweeps
X|      0   			  900   		     1    		   30  		    10     			   1
WAVES	  XDATA  Z1DATA	 
BEGIN
	0.0000		-0.2798		
	1.0000		-0.2735		
	2.0000		-0.2680		
	3.0000		-0.2575		
	4.0000		-0.2477		
	5.0000		-0.2425		
	6.0000		-0.2361		
	7.0000		-0.2295		
	8.0000		-0.2257		
	9.0000		-0.2225		
	10.0000		-0.2238		
	11.0000		-0.2190		
	12.0000		-0.2129		
	13.0000		-0.2111		
	14.0000		-0.2153		
	15.0000		-0.0498		
	16.0000		0.0432		
	17.0000		-0.0181		
	18.0000		-0.0740		
	19.0000		-0.1145		
	20.0000		-0.1413		
	21.0000		-0.1633		
	22.0000		-0.1727		
	23.0000		-0.1773		
	24.0000		-0.1822		
	25.0000		-0.1901		
	26.0000		-0.1989		
	27.0000		-0.2015		
	28.0000		-0.2052		
	29.0000		-0.2031		
	30.0000		-0.2020		
	31.0000		-0.2039		
	32.0000		-0.2048		
	33.0000		-0.2131		
	34.0000		-0.2192		
	35.0000		-0.2153		
	36.0000		-0.2074		
	37.0000		-0.2056		
	38.0000		-0.2083		
	39.0000		-0.2137		
	40.0000		-0.2073		
	41.0000		-0.2057		
	42.0000		-0.2102		
	43.0000		-0.2097		
	44.0000		-0.2044		
	45.0000		-0.2017		
	46.0000		-0.2085		
	47.0000		-0.2084		
	48.0000		-0.2060		
	49.0000		-0.2074		
	50.0000		-0.2052		
	51.0000		-0.1956		
	52.0000		-0.1912		
	53.0000		-0.1914		
	54.0000		-0.1941		
	55.0000		-0.1955		
	56.0000		-0.1998		
	57.0000		-0.2059		
	58.0000		-0.2063		
	59.0000		-0.2064		
	60.0000		-0.2047		
	61.0000		-0.2041		
	62.0000		-0.2060		
	63.0000		-0.2072		
	64.0000		-0.2051		
	65.0000		-0.2056		
	66.0000		-0.2064		
	67.0000		-0.2051		
	68.0000		-0.2063		
	69.0000		-0.2115		
	70.0000		-0.2188		
	71.0000		-0.2196		
	72.0000		-0.2133		
	73.0000		-0.2083		
	74.0000		-0.2017		
	75.0000		-0.1939		
	76.0000		-0.1997		
	77.0000		-0.2028		
	78.0000		-0.2100		
	79.0000		-0.2184		
	80.0000		-0.2164		
	81.0000		-0.2160		
	82.0000		-0.2234		
	83.0000		-0.2260		
	84.0000		-0.2235		
	85.0000		-0.2214		
	86.0000		-0.2154		
	87.0000		-0.2130		
	88.0000		-0.2151		
	89.0000		-0.2131		
	90.0000		-0.2071		
	91.0000		-0.2081		
	92.0000		-0.2028		
	93.0000		-0.1979		
	94.0000		-0.2023		
	95.0000		-0.2060		
	96.0000		-0.2046		
	97.0000		-0.2017		
	98.0000		-0.2001		
	99.0000		-0.2055		
	100.0000		-0.2051		
	101.0000		-0.2075		
	102.0000		-0.2060		
	103.0000		-0.2046		
	104.0000		-0.2049		
	105.0000		-0.2050		
	106.0000		-0.2065		
	107.0000		-0.2053		
	108.0000		-0.2060		
	109.0000		-0.2032		
	110.0000		-0.2028		
	111.0000		-0.2049		
	112.0000		-0.1988		
	113.0000		-0.2020		
	114.0000		-0.1977		
	115.0000		-0.2006		
	116.0000		-0.2027		
	117.0000		-0.2000		
	118.0000		-0.2025		
	119.0000		-0.2028		
	120.0000		-0.2097		
	121.0000		-0.2121		
	122.0000		-0.2093		
	123.0000		-0.2064		
	124.0000		-0.2004		
	125.0000		-0.1920		
	126.0000		-0.1907		
	127.0000		-0.1959		
	128.0000		-0.2062		
	129.0000		-0.2043		
	130.0000		-0.2023		
	131.0000		-0.2005		
	132.0000		-0.2034		
	133.0000		-0.2063		
	134.0000		-0.2102		
	135.0000		-0.2083		
	136.0000		-0.2067		
	137.0000		-0.2021		
	138.0000		-0.2006		
	139.0000		-0.2001		
	140.0000		-0.2019		
	141.0000		-0.2054		
	142.0000		-0.2085		
	143.0000		-0.2050		
	144.0000		-0.1986		
	145.0000		-0.1982		
	146.0000		-0.1947		
	147.0000		-0.1967		
	148.0000		-0.2019		
	149.0000		-0.2016		
	150.0000		-0.2031		
	151.0000		-0.2104		
	152.0000		-0.2047		
	153.0000		-0.2021		
	154.0000		-0.2020		
	155.0000		-0.2031		
	156.0000		-0.2014		
	157.0000		-0.1991		
	158.0000		-0.2006		
	159.0000		-0.2010		
	160.0000		-0.1982		
	161.0000		-0.2098		
	162.0000		-0.2081		
	163.0000		-0.2021		
	164.0000		-0.2025		
	165.0000		-0.1998		
	166.0000		-0.2018		
	167.0000		-0.1969		
	168.0000		-0.1925		
	169.0000		-0.1913		
	170.0000		-0.1924		
	171.0000		-0.1984		
	172.0000		-0.2004		
	173.0000		-0.2024		
	174.0000		-0.2032		
	175.0000		-0.2058		
	176.0000		-0.2061		
	177.0000		-0.2045		
	178.0000		-0.1973		
	179.0000		-0.1893		
	180.0000		-0.1960		
	181.0000		-0.1949		
	182.0000		-0.1935		
	183.0000		-0.1920		
	184.0000		-0.1912		
	185.0000		-0.1987		
	186.0000		-0.2076		
	187.0000		-0.2092		
	188.0000		-0.2058		
	189.0000		-0.2079		
	190.0000		-0.2033		
	191.0000		-0.1988		
	192.0000		-0.1985		
	193.0000		-0.2015		
	194.0000		-0.2041		
	195.0000		-0.2038		
	196.0000		-0.2035		
	197.0000		-0.2128		
	198.0000		-0.2127		
	199.0000		-0.2103		
	200.0000		-0.2066		
	201.0000		-0.2018		
	202.0000		-0.2005		
	203.0000		-0.1964		
	204.0000		-0.2018		
	205.0000		-0.2022		
	206.0000		-0.2019		
	207.0000		-0.2024		
	208.0000		-0.2093		
	209.0000		-0.2111		
	210.0000		-0.2043		
	211.0000		-0.1997		
	212.0000		-0.1969		
	213.0000		-0.1946		
	214.0000		-0.1918		
	215.0000		-0.1935		
	216.0000		-0.1984		
	217.0000		-0.1977		
	218.0000		-0.2067		
	219.0000		-0.2168		
	220.0000		-0.2235		
	221.0000		-0.2215		
	222.0000		-0.2197		
	223.0000		-0.2185		
	224.0000		-0.2137		
	225.0000		-0.2082		
	226.0000		-0.2057		
	227.0000		-0.2017		
	228.0000		-0.1951		
	229.0000		-0.1958		
	230.0000		-0.2038		
	231.0000		-0.2006		
	232.0000		-0.1982		
	233.0000		-0.1955		
	234.0000		-0.2026		
	235.0000		-0.1992		
	236.0000		-0.1953		
	237.0000		-0.1922		
	238.0000		-0.1950		
	239.0000		-0.1922		
	240.0000		-0.1901		
	241.0000		-0.1917		
	242.0000		-0.1932		
	243.0000		-0.1937		
	244.0000		-0.1924		
	245.0000		-0.1945		
	246.0000		-0.1964		
	247.0000		-0.1990		
	248.0000		-0.2043		
	249.0000		-0.2057		
	250.0000		-0.1981		
	251.0000		-0.1991		
	252.0000		-0.2016		
	253.0000		-0.2018		
	254.0000		-0.2027		
	255.0000		-0.2058		
	256.0000		-0.2054		
	257.0000		-0.2030		
	258.0000		-0.2056		
	259.0000		-0.2004		
	260.0000		-0.2010		
	261.0000		-0.2001		
	262.0000		-0.1982		
	263.0000		-0.1985		
	264.0000		-0.1953		
	265.0000		-0.1932		
	266.0000		-0.1881		
	267.0000		-0.1874		
	268.0000		-0.1891		
	269.0000		-0.1910		
	270.0000		-0.1892		
	271.0000		-0.1868		
	272.0000		-0.1873		
	273.0000		-0.1822		
	274.0000		-0.1803		
	275.0000		-0.1822		
	276.0000		-0.1846		
	277.0000		-0.1862		
	278.0000		-0.1855		
	279.0000		-0.1884		
	280.0000		-0.1946		
	281.0000		-0.1979		
	282.0000		-0.2020		
	283.0000		-0.1930		
	284.0000		-0.1975		
	285.0000		-0.2037		
	286.0000		-0.2001		
	287.0000		-0.2014		
	288.0000		-0.1939		
	289.0000		-0.1891		
	290.0000		-0.1814		
	291.0000		-0.1739		
	292.0000		-0.1764		
	293.0000		-0.1866		
	294.0000		-0.1897		
	295.0000		-0.1936		
	296.0000		-0.1890		
	297.0000		-0.1915		
	298.0000		-0.1935		
	299.0000		-0.1932		
	300.0000		-0.1895		
	301.0000		-0.1887		
	302.0000		-0.1888		
	303.0000		-0.1822		
	304.0000		-0.1784		
	305.0000		-0.1821		
	306.0000		-0.1817		
	307.0000		-0.1730		
	308.0000		-0.1824		
	309.0000		-0.1866		
	310.0000		-0.1941		
	311.0000		-0.1911		
	312.0000		-0.1890		
	313.0000		-0.1963		
	314.0000		-0.1924		
	315.0000		-0.1973		
	316.0000		-0.1956		
	317.0000		-0.1949		
	318.0000		-0.2009		
	319.0000		-0.2008		
	320.0000		-0.1957		
	321.0000		-0.1915		
	322.0000		-0.1940		
	323.0000		-0.1944		
	324.0000		-0.1982		
	325.0000		-0.2030		
	326.0000		-0.2010		
	327.0000		-0.1934		
	328.0000		-0.1902		
	329.0000		-0.1890		
	330.0000		-0.1902		
	331.0000		-0.1962		
	332.0000		-0.1957		
	333.0000		-0.2003		
	334.0000		-0.1952		
	335.0000		-0.1955		
	336.0000		-0.1984		
	337.0000		-0.1959		
	338.0000		-0.1944		
	339.0000		-0.1906		
	340.0000		-0.1889		
	341.0000		-0.1937		
	342.0000		-0.1934		
	343.0000		-0.1949		
	344.0000		-0.1912		
	345.0000		-0.1964		
	346.0000		-0.1987		
	347.0000		-0.2005		
	348.0000		-0.2042		
	349.0000		-0.2096		
	350.0000		-0.2127		
	351.0000		-0.2030		
	352.0000		-0.1982		
	353.0000		-0.1985		
	354.0000		-0.2005		
	355.0000		-0.1999		
	356.0000		-0.1975		
	357.0000		-0.1998		
	358.0000		-0.1970		
	359.0000		-0.1898		
	360.0000		-0.1939		
	361.0000		-0.1970		
	362.0000		-0.1950		
	363.0000		-0.1978		
	364.0000		-0.1989		
	365.0000		-0.1994		
	366.0000		-0.2003		
	367.0000		-0.2000		
	368.0000		-0.2003		
	369.0000		-0.2016		
	370.0000		-0.2029		
	371.0000		-0.2019		
	372.0000		-0.2005		
	373.0000		-0.2033		
	374.0000		-0.2051		
	375.0000		-0.1996		
	376.0000		-0.1918		
	377.0000		-0.1911		
	378.0000		-0.1936		
	379.0000		-0.1885		
	380.0000		-0.1818		
	381.0000		-0.1782		
	382.0000		-0.1798		
	383.0000		-0.1833		
	384.0000		-0.1845		
	385.0000		-0.1893		
	386.0000		-0.1901		
	387.0000		-0.1869		
	388.0000		-0.1866		
	389.0000		-0.1882		
	390.0000		-0.1875		
	391.0000		-0.1915		
	392.0000		-0.1875		
	393.0000		-0.1857		
	394.0000		-0.1839		
	395.0000		-0.1905		
	396.0000		-0.1927		
	397.0000		-0.2014		
	398.0000		-0.1997		
	399.0000		-0.1969		
	400.0000		-0.1993		
	401.0000		-0.1988		
	402.0000		-0.1971		
	403.0000		-0.1950		
	404.0000		-0.1981		
	405.0000		-0.2009		
	406.0000		-0.2098		
	407.0000		-0.2127		
	408.0000		-0.2094		
	409.0000		-0.2050		
	410.0000		-0.2076		
	411.0000		-0.2043		
	412.0000		-0.1992		
	413.0000		-0.1931		
	414.0000		-0.1979		
	415.0000		-0.1943		
	416.0000		-0.1977		
	417.0000		-0.1950		
	418.0000		-0.1980		
	419.0000		-0.2024		
	420.0000		-0.1959		
	421.0000		-0.1992		
	422.0000		-0.1981		
	423.0000		-0.1968		
	424.0000		-0.1966		
	425.0000		-0.1944		
	426.0000		-0.1951		
	427.0000		-0.1943		
	428.0000		-0.1951		
	429.0000		-0.1941		
	430.0000		-0.1930		
	431.0000		-0.1972		
	432.0000		-0.1937		
	433.0000		-0.1940		
	434.0000		-0.2017		
	435.0000		-0.2074		
	436.0000		-0.2030		
	437.0000		-0.2063		
	438.0000		-0.2076		
	439.0000		-0.2070		
	440.0000		-0.2074		
	441.0000		-0.2102		
	442.0000		-0.2130		
	443.0000		-0.2200		
	444.0000		-0.2187		
	445.0000		-0.2278		
	446.0000		-0.2355		
	447.0000		-0.2388		
	448.0000		-0.2407		
	449.0000		-0.2488		
	450.0000		-0.2468		
	451.0000		-0.2526		
	452.0000		-0.2538		
	453.0000		-0.2542		
	454.0000		-0.2510		
	455.0000		-0.2535		
	456.0000		-0.2590		
	457.0000		-0.2620		
	458.0000		-0.2695		
	459.0000		-0.2734		
	460.0000		-0.2720		
	461.0000		-0.2637		
	462.0000		-0.2580		
	463.0000		-0.2590		
	464.0000		-0.2627		
	465.0000		-0.2660		
	466.0000		-0.2678		
	467.0000		-0.2569		
	468.0000		-0.2560		
	469.0000		-0.2511		
	470.0000		-0.2475		
	471.0000		-0.2538		
	472.0000		-0.2550		
	473.0000		-0.2613		
	474.0000		-0.2591		
	475.0000		-0.2636		
	476.0000		-0.2686		
	477.0000		-0.2714		
	478.0000		-0.2735		
	479.0000		-0.2821		
	480.0000		-0.2945		
	481.0000		-0.3014		
	482.0000		-0.3057		
	483.0000		-0.3054		
	484.0000		-0.3153		
	485.0000		-0.3265		
	486.0000		-0.3348		
	487.0000		-0.3437		
	488.0000		-0.3492		
	489.0000		-0.3491		
	490.0000		-0.3481		
	491.0000		-0.3477		
	492.0000		-0.3524		
	493.0000		-0.3577		
	494.0000		-0.3701		
	495.0000		-0.3767		
	496.0000		-0.3796		
	497.0000		-0.3780		
	498.0000		-0.3780		
	499.0000		-0.3816		
	500.0000		-0.3883		
	501.0000		-0.3789		
	502.0000		-0.3670		
	503.0000		-0.3524		
	504.0000		-0.3452		
	505.0000		-0.3441		
	506.0000		-0.3457		
	507.0000		-0.3340		
	508.0000		-0.3208		
	509.0000		-0.3143		
	510.0000		-0.3120		
	511.0000		-0.3034		
	512.0000		-0.3004		
	513.0000		-0.2968		
	514.0000		-0.2922		
	515.0000		-0.2900		
	516.0000		-0.2975		
	517.0000		-0.3073		
	518.0000		-0.3200		
	519.0000		-0.3354		
	520.0000		-0.3523		
	521.0000		-0.3749		
	522.0000		-0.4005		
	523.0000		-0.4254		
	524.0000		-0.4609		
	525.0000		-0.5026		
	526.0000		-0.5438		
	527.0000		-0.5855		
	528.0000		-0.6310		
	529.0000		-0.6837		
	530.0000		-0.7431		
	531.0000		-0.8072		
	532.0000		-0.8810		
	533.0000		-0.9553		
	534.0000		-1.0255		
	535.0000		-1.1054		
	536.0000		-1.1750		
	537.0000		-1.2390		
	538.0000		-1.3005		
	539.0000		-1.3540		
	540.0000		-1.3963		
	541.0000		-1.4267		
	542.0000		-1.4442		
	543.0000		-1.4680		
	544.0000		-1.4830		
	545.0000		-1.4825		
	546.0000		-1.4768		
	547.0000		-1.4607		
	548.0000		-1.4503		
	549.0000		-1.4155		
	550.0000		-1.3749		
	551.0000		-1.3475		
	552.0000		-1.3199		
	553.0000		-1.2847		
	554.0000		-1.2390		
	555.0000		-1.1937		
	556.0000		-1.1274		
	557.0000		-1.0784		
	558.0000		-1.0577		
	559.0000		-1.0355		
	560.0000		-1.0069		
	561.0000		-0.9619		
	562.0000		-0.9216		
	563.0000		-0.8906		
	564.0000		-0.8464		
	565.0000		-0.8026		
	566.0000		-0.7617		
	567.0000		-0.7317		
	568.0000		-0.6948		
	569.0000		-0.6598		
	570.0000		-0.6331		
	571.0000		-0.6170		
	572.0000		-0.6045		
	573.0000		-0.5768		
	574.0000		-0.5556		
	575.0000		-0.5420		
	576.0000		-0.5371		
	577.0000		-0.5291		
	578.0000		-0.5278		
	579.0000		-0.5239		
	580.0000		-0.5217		
	581.0000		-0.5226		
	582.0000		-0.5223		
	583.0000		-0.5138		
	584.0000		-0.5199		
	585.0000		-0.5286		
	586.0000		-0.5299		
	587.0000		-0.5382		
	588.0000		-0.5514		
	589.0000		-0.5604		
	590.0000		-0.5669		
	591.0000		-0.5731		
	592.0000		-0.5723		
	593.0000		-0.5718		
	594.0000		-0.5795		
	595.0000		-0.5850		
	596.0000		-0.5857		
	597.0000		-0.5830		
	598.0000		-0.5853		
	599.0000		-0.5891		
	600.0000		-0.5852		
	601.0000		-0.5778		
	602.0000		-0.5715		
	603.0000		-0.5696		
	604.0000		-0.5681		
	605.0000		-0.5541		
	606.0000		-0.5387		
	607.0000		-0.5317		
	608.0000		-0.5137		
	609.0000		-0.4942		
	610.0000		-0.4821		
	611.0000		-0.4687		
	612.0000		-0.4562		
	613.0000		-0.4503		
	614.0000		-0.4372		
	615.0000		-0.4285		
	616.0000		-0.4179		
	617.0000		-0.3965		
	618.0000		-0.3842		
	619.0000		-0.3656		
	620.0000		-0.3489		
	621.0000		-0.3356		
	622.0000		-0.3297		
	623.0000		-0.3204		
	624.0000		-0.3111		
	625.0000		-0.3026		
	626.0000		-0.2904		
	627.0000		-0.2839		
	628.0000		-0.2735		
	629.0000		-0.2605		
	630.0000		-0.2609		
	631.0000		-0.2502		
	632.0000		-0.2440		
	633.0000		-0.2393		
	634.0000		-0.2379		
	635.0000		-0.2355		
	636.0000		-0.2338		
	637.0000		-0.2312		
	638.0000		-0.2291		
	639.0000		-0.2250		
	640.0000		-0.2235		
	641.0000		-0.2214		
	642.0000		-0.2275		
	643.0000		-0.2300		
	644.0000		-0.2323		
	645.0000		-0.2307		
	646.0000		-0.2309		
	647.0000		-0.2215		
	648.0000		-0.2099		
	649.0000		-0.2073		
	650.0000		-0.2057		
	651.0000		-0.2032		
	652.0000		-0.2046		
	653.0000		-0.2014		
	654.0000		-0.1984		
	655.0000		-0.1957		
	656.0000		-0.2063		
	657.0000		-0.2067		
	658.0000		-0.2053		
	659.0000		-0.2070		
	660.0000		-0.2099		
	661.0000		-0.2080		
	662.0000		-0.2014		
	663.0000		-0.1993		
	664.0000		-0.1956		
	665.0000		-0.2012		
	666.0000		-0.1983		
	667.0000		-0.1948		
	668.0000		-0.1972		
	669.0000		-0.2022		
	670.0000		-0.2020		
	671.0000		-0.2003		
	672.0000		-0.1997		
	673.0000		-0.1883		
	674.0000		-0.1900		
	675.0000		-0.1964		
	676.0000		-0.1924		
	677.0000		-0.2024		
	678.0000		-0.2029		
	679.0000		-0.2041		
	680.0000		-0.1967		
	681.0000		-0.1913		
	682.0000		-0.1916		
	683.0000		-0.1952		
	684.0000		-0.1969		
	685.0000		-0.1978		
	686.0000		-0.1973		
	687.0000		-0.2010		
	688.0000		-0.2058		
	689.0000		-0.2007		
	690.0000		-0.1999		
	691.0000		-0.1997		
	692.0000		-0.2021		
	693.0000		-0.2024		
	694.0000		-0.2036		
	695.0000		-0.1947		
	696.0000		-0.1925		
	697.0000		-0.1899		
	698.0000		-0.1946		
	699.0000		-0.1970		
	700.0000		-0.1928		
	701.0000		-0.1870		
	702.0000		-0.1819		
	703.0000		-0.1838		
	704.0000		-0.1891		
	705.0000		-0.1915		
	706.0000		-0.1890		
	707.0000		-0.1891		
	708.0000		-0.1991		
	709.0000		-0.1960		
	710.0000		-0.1942		
	711.0000		-0.2028		
	712.0000		-0.2010		
	713.0000		-0.1963		
	714.0000		-0.1949		
	715.0000		-0.1909		
	716.0000		-0.1889		
	717.0000		-0.1960		
	718.0000		-0.1873		
	719.0000		-0.1924		
	720.0000		-0.1900		
	721.0000		-0.1781		
	722.0000		-0.1745		
	723.0000		-0.1723		
	724.0000		-0.1769		
	725.0000		-0.1808		
	726.0000		-0.1880		
	727.0000		-0.1874		
	728.0000		-0.1862		
	729.0000		-0.1906		
	730.0000		-0.1903		
	731.0000		-0.1852		
	732.0000		-0.1810		
	733.0000		-0.1806		
	734.0000		-0.1840		
	735.0000		-0.1853		
	736.0000		-0.1865		
	737.0000		-0.1821		
	738.0000		-0.1786		
	739.0000		-0.1794		
	740.0000		-0.1845		
	741.0000		-0.1902		
	742.0000		-0.1894		
	743.0000		-0.1847		
	744.0000		-0.1851		
	745.0000		-0.1869		
	746.0000		-0.1862		
	747.0000		-0.1900		
	748.0000		-0.1932		
	749.0000		-0.1906		
	750.0000		-0.1864		
	751.0000		-0.1855		
	752.0000		-0.1835		
	753.0000		-0.1768		
	754.0000		-0.1753		
	755.0000		-0.1767		
	756.0000		-0.1794		
	757.0000		-0.1830		
	758.0000		-0.1828		
	759.0000		-0.1785		
	760.0000		-0.1777		
	761.0000		-0.1848		
	762.0000		-0.1883		
	763.0000		-0.1916		
	764.0000		-0.1817		
	765.0000		-0.1732		
	766.0000		-0.1677		
	767.0000		-0.1730		
	768.0000		-0.1762		
	769.0000		-0.1716		
	770.0000		-0.1779		
	771.0000		-0.1756		
	772.0000		-0.1716		
	773.0000		-0.1777		
	774.0000		-0.1800		
	775.0000		-0.1805		
	776.0000		-0.1795		
	777.0000		-0.1875		
	778.0000		-0.1959		
	779.0000		-0.1922		
	780.0000		-0.1981		
	781.0000		-0.2034		
	782.0000		-0.1981		
	783.0000		-0.1924		
	784.0000		-0.1944		
	785.0000		-0.1862		
	786.0000		-0.1873		
	787.0000		-0.1898		
	788.0000		-0.1976		
	789.0000		-0.1970		
	790.0000		-0.1891		
	791.0000		-0.1884		
	792.0000		-0.1891		
	793.0000		-0.1951		
	794.0000		-0.1972		
	795.0000		-0.1943		
	796.0000		-0.1918		
	797.0000		-0.1900		
	798.0000		-0.1909		
	799.0000		-0.1921		
	800.0000		-0.1906		
	801.0000		-0.1874		
	802.0000		-0.1835		
	803.0000		-0.1856		
	804.0000		-0.1793		
	805.0000		-0.1701		
	806.0000		-0.1679		
	807.0000		-0.1759		
	808.0000		-0.1784		
	809.0000		-0.1793		
	810.0000		-0.1801		
	811.0000		-0.1829		
	812.0000		-0.1857		
	813.0000		-0.1841		
	814.0000		-0.1812		
	815.0000		-0.1767		
	816.0000		-0.1693		
	817.0000		-0.1693		
	818.0000		-0.1776		
	819.0000		-0.1776		
	820.0000		-0.1801		
	821.0000		-0.1810		
	822.0000		-0.1857		
	823.0000		-0.1894		
	824.0000		-0.1941		
	825.0000		-0.1937		
	826.0000		-0.1924		
	827.0000		-0.1921		
	828.0000		-0.1846		
	829.0000		-0.1868		
	830.0000		-0.1878		
	831.0000		-0.1899		
	832.0000		-0.1874		
	833.0000		-0.1904		
	834.0000		-0.1914		
	835.0000		-0.1982		
	836.0000		-0.2018		
	837.0000		-0.1989		
	838.0000		-0.1982		
	839.0000		-0.2006		
	840.0000		-0.1963		
	841.0000		-0.1923		
	842.0000		-0.1910		
	843.0000		-0.1827		
	844.0000		-0.1835		
	845.0000		-0.1819		
	846.0000		-0.1801		
	847.0000		-0.1755		
	848.0000		-0.1739		
	849.0000		-0.1843		
	850.0000		-0.1872		
	851.0000		-0.1857		
	852.0000		-0.1879		
	853.0000		-0.1888		
	854.0000		-0.1834		
	855.0000		-0.1764		
	856.0000		-0.1738		
	857.0000		-0.1760		
	858.0000		-0.1790		
	859.0000		-0.1808		
	860.0000		-0.1793		
	861.0000		-0.1800		
	862.0000		-0.1778		
	863.0000		-0.1788		
	864.0000		-0.1734		
	865.0000		-0.1749		
	866.0000		-0.1791		
	867.0000		-0.1799		
	868.0000		-0.1787		
	869.0000		-0.1842		
	870.0000		-0.1880		
	871.0000		-0.1852		
	872.0000		-0.1834		
	873.0000		-0.1758		
	874.0000		-0.1685		
	875.0000		-0.1690		
	876.0000		-0.1679		
	877.0000		-0.1710		
	878.0000		-0.1776		
	879.0000		-0.1776		
	880.0000		-0.1845		
	881.0000		-0.1850		
	882.0000		-0.1907		
	883.0000		-0.1837		
	884.0000		-0.1872		
	885.0000		-0.1913		
	886.0000		-0.1875		
	887.0000		-0.1842		
	888.0000		-0.1879		
	889.0000		-0.1853		
	890.0000		-0.1848		
	891.0000		-0.1901		
	892.0000		-0.1893		
	893.0000		-0.1858		
	894.0000		-0.1870		
	895.0000		-0.1847		
	896.0000		-0.1814		
	897.0000		-0.1821		
	898.0000		-0.1803		
	899.0000		-0.1819		
END
