IGOR
X| Fri Jul 28 12:42:09 2017
X|   0.000000000000 0 X|
X|   0.000000000000 0 X|
X|   0.000000000000 0 X|
X|   0.000000000000 0 X|
X| data_type 	 num_points 	 num_chans 	 shots_per_read 	 reads_per_point 	 num_sweeps
X|      0   			  900   		     1    		   30  		    10     			   1
WAVES	  XDATA  Z1DATA	 
BEGIN
	0.0000		-0.2072		
	1.0000		-0.2097		
	2.0000		-0.2048		
	3.0000		-0.1996		
	4.0000		-0.1865		
	5.0000		-0.1743		
	6.0000		-0.1666		
	7.0000		-0.1625		
	8.0000		-0.1564		
	9.0000		-0.1520		
	10.0000		-0.1521		
	11.0000		-0.1494		
	12.0000		-0.1535		
	13.0000		-0.1553		
	14.0000		-0.1097		
	15.0000		0.1235		
	16.0000		0.0941		
	17.0000		0.0391		
	18.0000		-0.0110		
	19.0000		-0.0497		
	20.0000		-0.0831		
	21.0000		-0.0975		
	22.0000		-0.1072		
	23.0000		-0.1222		
	24.0000		-0.1294		
	25.0000		-0.1345		
	26.0000		-0.1329		
	27.0000		-0.1277		
	28.0000		-0.1268		
	29.0000		-0.1300		
	30.0000		-0.1360		
	31.0000		-0.1379		
	32.0000		-0.1437		
	33.0000		-0.1442		
	34.0000		-0.1473		
	35.0000		-0.1440		
	36.0000		-0.1414		
	37.0000		-0.1390		
	38.0000		-0.1367		
	39.0000		-0.1315		
	40.0000		-0.1302		
	41.0000		-0.1314		
	42.0000		-0.1363		
	43.0000		-0.1372		
	44.0000		-0.1317		
	45.0000		-0.1346		
	46.0000		-0.1319		
	47.0000		-0.1294		
	48.0000		-0.1317		
	49.0000		-0.1302		
	50.0000		-0.1268		
	51.0000		-0.1283		
	52.0000		-0.1301		
	53.0000		-0.1318		
	54.0000		-0.1338		
	55.0000		-0.1319		
	56.0000		-0.1404		
	57.0000		-0.1474		
	58.0000		-0.1512		
	59.0000		-0.1435		
	60.0000		-0.1398		
	61.0000		-0.1364		
	62.0000		-0.1371		
	63.0000		-0.1348		
	64.0000		-0.1310		
	65.0000		-0.1282		
	66.0000		-0.1305		
	67.0000		-0.1291		
	68.0000		-0.1295		
	69.0000		-0.1340		
	70.0000		-0.1327		
	71.0000		-0.1304		
	72.0000		-0.1286		
	73.0000		-0.1313		
	74.0000		-0.1350		
	75.0000		-0.1353		
	76.0000		-0.1340		
	77.0000		-0.1310		
	78.0000		-0.1327		
	79.0000		-0.1312		
	80.0000		-0.1344		
	81.0000		-0.1413		
	82.0000		-0.1381		
	83.0000		-0.1407		
	84.0000		-0.1359		
	85.0000		-0.1327		
	86.0000		-0.1388		
	87.0000		-0.1431		
	88.0000		-0.1454		
	89.0000		-0.1503		
	90.0000		-0.1479		
	91.0000		-0.1531		
	92.0000		-0.1492		
	93.0000		-0.1487		
	94.0000		-0.1464		
	95.0000		-0.1443		
	96.0000		-0.1449		
	97.0000		-0.1443		
	98.0000		-0.1424		
	99.0000		-0.1374		
	100.0000		-0.1415		
	101.0000		-0.1404		
	102.0000		-0.1365		
	103.0000		-0.1376		
	104.0000		-0.1440		
	105.0000		-0.1424		
	106.0000		-0.1432		
	107.0000		-0.1459		
	108.0000		-0.1401		
	109.0000		-0.1376		
	110.0000		-0.1425		
	111.0000		-0.1502		
	112.0000		-0.1467		
	113.0000		-0.1451		
	114.0000		-0.1446		
	115.0000		-0.1368		
	116.0000		-0.1346		
	117.0000		-0.1401		
	118.0000		-0.1410		
	119.0000		-0.1354		
	120.0000		-0.1379		
	121.0000		-0.1433		
	122.0000		-0.1464		
	123.0000		-0.1479		
	124.0000		-0.1443		
	125.0000		-0.1446		
	126.0000		-0.1477		
	127.0000		-0.1479		
	128.0000		-0.1498		
	129.0000		-0.1478		
	130.0000		-0.1422		
	131.0000		-0.1379		
	132.0000		-0.1366		
	133.0000		-0.1365		
	134.0000		-0.1386		
	135.0000		-0.1355		
	136.0000		-0.1413		
	137.0000		-0.1415		
	138.0000		-0.1484		
	139.0000		-0.1482		
	140.0000		-0.1472		
	141.0000		-0.1485		
	142.0000		-0.1524		
	143.0000		-0.1447		
	144.0000		-0.1433		
	145.0000		-0.1392		
	146.0000		-0.1377		
	147.0000		-0.1365		
	148.0000		-0.1370		
	149.0000		-0.1407		
	150.0000		-0.1367		
	151.0000		-0.1386		
	152.0000		-0.1413		
	153.0000		-0.1391		
	154.0000		-0.1377		
	155.0000		-0.1344		
	156.0000		-0.1356		
	157.0000		-0.1395		
	158.0000		-0.1427		
	159.0000		-0.1449		
	160.0000		-0.1477		
	161.0000		-0.1490		
	162.0000		-0.1463		
	163.0000		-0.1418		
	164.0000		-0.1406		
	165.0000		-0.1388		
	166.0000		-0.1386		
	167.0000		-0.1370		
	168.0000		-0.1355		
	169.0000		-0.1343		
	170.0000		-0.1357		
	171.0000		-0.1397		
	172.0000		-0.1495		
	173.0000		-0.1492		
	174.0000		-0.1394		
	175.0000		-0.1408		
	176.0000		-0.1381		
	177.0000		-0.1354		
	178.0000		-0.1306		
	179.0000		-0.1330		
	180.0000		-0.1482		
	181.0000		-0.1452		
	182.0000		-0.1412		
	183.0000		-0.1369		
	184.0000		-0.1369		
	185.0000		-0.1409		
	186.0000		-0.1370		
	187.0000		-0.1379		
	188.0000		-0.1369		
	189.0000		-0.1315		
	190.0000		-0.1339		
	191.0000		-0.1391		
	192.0000		-0.1376		
	193.0000		-0.1366		
	194.0000		-0.1396		
	195.0000		-0.1377		
	196.0000		-0.1356		
	197.0000		-0.1412		
	198.0000		-0.1412		
	199.0000		-0.1411		
	200.0000		-0.1374		
	201.0000		-0.1358		
	202.0000		-0.1333		
	203.0000		-0.1317		
	204.0000		-0.1292		
	205.0000		-0.1359		
	206.0000		-0.1319		
	207.0000		-0.1321		
	208.0000		-0.1371		
	209.0000		-0.1422		
	210.0000		-0.1398		
	211.0000		-0.1380		
	212.0000		-0.1353		
	213.0000		-0.1369		
	214.0000		-0.1405		
	215.0000		-0.1388		
	216.0000		-0.1410		
	217.0000		-0.1407		
	218.0000		-0.1390		
	219.0000		-0.1390		
	220.0000		-0.1422		
	221.0000		-0.1430		
	222.0000		-0.1435		
	223.0000		-0.1414		
	224.0000		-0.1427		
	225.0000		-0.1456		
	226.0000		-0.1458		
	227.0000		-0.1435		
	228.0000		-0.1426		
	229.0000		-0.1506		
	230.0000		-0.1421		
	231.0000		-0.1430		
	232.0000		-0.1452		
	233.0000		-0.1429		
	234.0000		-0.1480		
	235.0000		-0.1493		
	236.0000		-0.1496		
	237.0000		-0.1490		
	238.0000		-0.1451		
	239.0000		-0.1476		
	240.0000		-0.1502		
	241.0000		-0.1512		
	242.0000		-0.1571		
	243.0000		-0.1536		
	244.0000		-0.1491		
	245.0000		-0.1416		
	246.0000		-0.1411		
	247.0000		-0.1403		
	248.0000		-0.1462		
	249.0000		-0.1476		
	250.0000		-0.1467		
	251.0000		-0.1398		
	252.0000		-0.1362		
	253.0000		-0.1374		
	254.0000		-0.1402		
	255.0000		-0.1354		
	256.0000		-0.1289		
	257.0000		-0.1262		
	258.0000		-0.1268		
	259.0000		-0.1254		
	260.0000		-0.1318		
	261.0000		-0.1355		
	262.0000		-0.1405		
	263.0000		-0.1385		
	264.0000		-0.1345		
	265.0000		-0.1356		
	266.0000		-0.1373		
	267.0000		-0.1398		
	268.0000		-0.1500		
	269.0000		-0.1560		
	270.0000		-0.1595		
	271.0000		-0.1592		
	272.0000		-0.1541		
	273.0000		-0.1558		
	274.0000		-0.1592		
	275.0000		-0.1554		
	276.0000		-0.1551		
	277.0000		-0.1541		
	278.0000		-0.1504		
	279.0000		-0.1420		
	280.0000		-0.1394		
	281.0000		-0.1406		
	282.0000		-0.1372		
	283.0000		-0.1373		
	284.0000		-0.1388		
	285.0000		-0.1411		
	286.0000		-0.1430		
	287.0000		-0.1475		
	288.0000		-0.1460		
	289.0000		-0.1444		
	290.0000		-0.1468		
	291.0000		-0.1479		
	292.0000		-0.1483		
	293.0000		-0.1397		
	294.0000		-0.1355		
	295.0000		-0.1398		
	296.0000		-0.1407		
	297.0000		-0.1470		
	298.0000		-0.1457		
	299.0000		-0.1410		
	300.0000		-0.1387		
	301.0000		-0.1416		
	302.0000		-0.1462		
	303.0000		-0.1460		
	304.0000		-0.1441		
	305.0000		-0.1444		
	306.0000		-0.1491		
	307.0000		-0.1486		
	308.0000		-0.1487		
	309.0000		-0.1471		
	310.0000		-0.1448		
	311.0000		-0.1476		
	312.0000		-0.1482		
	313.0000		-0.1491		
	314.0000		-0.1478		
	315.0000		-0.1472		
	316.0000		-0.1475		
	317.0000		-0.1514		
	318.0000		-0.1514		
	319.0000		-0.1504		
	320.0000		-0.1537		
	321.0000		-0.1553		
	322.0000		-0.1579		
	323.0000		-0.1518		
	324.0000		-0.1480		
	325.0000		-0.1472		
	326.0000		-0.1499		
	327.0000		-0.1497		
	328.0000		-0.1479		
	329.0000		-0.1472		
	330.0000		-0.1443		
	331.0000		-0.1504		
	332.0000		-0.1526		
	333.0000		-0.1535		
	334.0000		-0.1519		
	335.0000		-0.1517		
	336.0000		-0.1451		
	337.0000		-0.1470		
	338.0000		-0.1465		
	339.0000		-0.1466		
	340.0000		-0.1454		
	341.0000		-0.1516		
	342.0000		-0.1487		
	343.0000		-0.1525		
	344.0000		-0.1557		
	345.0000		-0.1495		
	346.0000		-0.1486		
	347.0000		-0.1481		
	348.0000		-0.1525		
	349.0000		-0.1505		
	350.0000		-0.1484		
	351.0000		-0.1468		
	352.0000		-0.1512		
	353.0000		-0.1493		
	354.0000		-0.1494		
	355.0000		-0.1509		
	356.0000		-0.1532		
	357.0000		-0.1512		
	358.0000		-0.1491		
	359.0000		-0.1489		
	360.0000		-0.1510		
	361.0000		-0.1523		
	362.0000		-0.1554		
	363.0000		-0.1573		
	364.0000		-0.1560		
	365.0000		-0.1556		
	366.0000		-0.1528		
	367.0000		-0.1471		
	368.0000		-0.1468		
	369.0000		-0.1499		
	370.0000		-0.1524		
	371.0000		-0.1554		
	372.0000		-0.1560		
	373.0000		-0.1520		
	374.0000		-0.1553		
	375.0000		-0.1549		
	376.0000		-0.1558		
	377.0000		-0.1589		
	378.0000		-0.1573		
	379.0000		-0.1616		
	380.0000		-0.1548		
	381.0000		-0.1493		
	382.0000		-0.1470		
	383.0000		-0.1459		
	384.0000		-0.1397		
	385.0000		-0.1401		
	386.0000		-0.1445		
	387.0000		-0.1494		
	388.0000		-0.1496		
	389.0000		-0.1527		
	390.0000		-0.1524		
	391.0000		-0.1495		
	392.0000		-0.1460		
	393.0000		-0.1444		
	394.0000		-0.1373		
	395.0000		-0.1446		
	396.0000		-0.1395		
	397.0000		-0.1352		
	398.0000		-0.1355		
	399.0000		-0.1358		
	400.0000		-0.1379		
	401.0000		-0.1404		
	402.0000		-0.1458		
	403.0000		-0.1479		
	404.0000		-0.1499		
	405.0000		-0.1461		
	406.0000		-0.1469		
	407.0000		-0.1458		
	408.0000		-0.1507		
	409.0000		-0.1482		
	410.0000		-0.1472		
	411.0000		-0.1495		
	412.0000		-0.1516		
	413.0000		-0.1525		
	414.0000		-0.1509		
	415.0000		-0.1479		
	416.0000		-0.1509		
	417.0000		-0.1496		
	418.0000		-0.1545		
	419.0000		-0.1556		
	420.0000		-0.1570		
	421.0000		-0.1581		
	422.0000		-0.1581		
	423.0000		-0.1591		
	424.0000		-0.1585		
	425.0000		-0.1550		
	426.0000		-0.1544		
	427.0000		-0.1520		
	428.0000		-0.1507		
	429.0000		-0.1487		
	430.0000		-0.1515		
	431.0000		-0.1576		
	432.0000		-0.1576		
	433.0000		-0.1545		
	434.0000		-0.1552		
	435.0000		-0.1660		
	436.0000		-0.1676		
	437.0000		-0.1700		
	438.0000		-0.1725		
	439.0000		-0.1748		
	440.0000		-0.1756		
	441.0000		-0.1707		
	442.0000		-0.1694		
	443.0000		-0.1725		
	444.0000		-0.1749		
	445.0000		-0.1806		
	446.0000		-0.1816		
	447.0000		-0.1754		
	448.0000		-0.1796		
	449.0000		-0.1873		
	450.0000		-0.1937		
	451.0000		-0.1959		
	452.0000		-0.2027		
	453.0000		-0.2067		
	454.0000		-0.2087		
	455.0000		-0.2025		
	456.0000		-0.2095		
	457.0000		-0.2108		
	458.0000		-0.2135		
	459.0000		-0.2164		
	460.0000		-0.2167		
	461.0000		-0.2136		
	462.0000		-0.2100		
	463.0000		-0.2075		
	464.0000		-0.2034		
	465.0000		-0.2020		
	466.0000		-0.1984		
	467.0000		-0.2052		
	468.0000		-0.2131		
	469.0000		-0.2093		
	470.0000		-0.2076		
	471.0000		-0.2056		
	472.0000		-0.2069		
	473.0000		-0.2115		
	474.0000		-0.2147		
	475.0000		-0.2176		
	476.0000		-0.2232		
	477.0000		-0.2349		
	478.0000		-0.2394		
	479.0000		-0.2481		
	480.0000		-0.2546		
	481.0000		-0.2607		
	482.0000		-0.2700		
	483.0000		-0.2862		
	484.0000		-0.3000		
	485.0000		-0.3014		
	486.0000		-0.3018		
	487.0000		-0.3094		
	488.0000		-0.3149		
	489.0000		-0.3210		
	490.0000		-0.3248		
	491.0000		-0.3233		
	492.0000		-0.3210		
	493.0000		-0.3160		
	494.0000		-0.3142		
	495.0000		-0.3178		
	496.0000		-0.3174		
	497.0000		-0.3230		
	498.0000		-0.3262		
	499.0000		-0.3272		
	500.0000		-0.3248		
	501.0000		-0.3283		
	502.0000		-0.3327		
	503.0000		-0.3328		
	504.0000		-0.3309		
	505.0000		-0.3266		
	506.0000		-0.3202		
	507.0000		-0.3105		
	508.0000		-0.3077		
	509.0000		-0.2995		
	510.0000		-0.2934		
	511.0000		-0.2848		
	512.0000		-0.2805		
	513.0000		-0.2729		
	514.0000		-0.2730		
	515.0000		-0.2708		
	516.0000		-0.2746		
	517.0000		-0.2733		
	518.0000		-0.2767		
	519.0000		-0.2850		
	520.0000		-0.3016		
	521.0000		-0.3232		
	522.0000		-0.3374		
	523.0000		-0.3516		
	524.0000		-0.3803		
	525.0000		-0.4137		
	526.0000		-0.4433		
	527.0000		-0.4833		
	528.0000		-0.5310		
	529.0000		-0.5992		
	530.0000		-0.6632		
	531.0000		-0.7165		
	532.0000		-0.7788		
	533.0000		-0.8540		
	534.0000		-0.9296		
	535.0000		-1.0028		
	536.0000		-1.0797		
	537.0000		-1.1501		
	538.0000		-1.2098		
	539.0000		-1.2695		
	540.0000		-1.3262		
	541.0000		-1.3816		
	542.0000		-1.4186		
	543.0000		-1.4510		
	544.0000		-1.4894		
	545.0000		-1.5200		
	546.0000		-1.5317		
	547.0000		-1.5304		
	548.0000		-1.5305		
	549.0000		-1.5249		
	550.0000		-1.5115		
	551.0000		-1.4704		
	552.0000		-1.4342		
	553.0000		-1.3987		
	554.0000		-1.3672		
	555.0000		-1.3266		
	556.0000		-1.2820		
	557.0000		-1.2313		
	558.0000		-1.1872		
	559.0000		-1.1550		
	560.0000		-1.1053		
	561.0000		-1.0594		
	562.0000		-1.0110		
	563.0000		-0.9588		
	564.0000		-0.9185		
	565.0000		-0.8727		
	566.0000		-0.8300		
	567.0000		-0.7907		
	568.0000		-0.7590		
	569.0000		-0.7237		
	570.0000		-0.6866		
	571.0000		-0.6610		
	572.0000		-0.6356		
	573.0000		-0.6076		
	574.0000		-0.5843		
	575.0000		-0.5592		
	576.0000		-0.5394		
	577.0000		-0.5308		
	578.0000		-0.5204		
	579.0000		-0.5167		
	580.0000		-0.4999		
	581.0000		-0.4952		
	582.0000		-0.4901		
	583.0000		-0.4859		
	584.0000		-0.4824		
	585.0000		-0.4845		
	586.0000		-0.4880		
	587.0000		-0.4910		
	588.0000		-0.4944		
	589.0000		-0.4960		
	590.0000		-0.4993		
	591.0000		-0.4981		
	592.0000		-0.5066		
	593.0000		-0.5175		
	594.0000		-0.5271		
	595.0000		-0.5337		
	596.0000		-0.5386		
	597.0000		-0.5367		
	598.0000		-0.5301		
	599.0000		-0.5244		
	600.0000		-0.5276		
	601.0000		-0.5264		
	602.0000		-0.5229		
	603.0000		-0.5236		
	604.0000		-0.5185		
	605.0000		-0.5173		
	606.0000		-0.5145		
	607.0000		-0.5048		
	608.0000		-0.4927		
	609.0000		-0.4801		
	610.0000		-0.4769		
	611.0000		-0.4674		
	612.0000		-0.4564		
	613.0000		-0.4370		
	614.0000		-0.4142		
	615.0000		-0.3959		
	616.0000		-0.3824		
	617.0000		-0.3749		
	618.0000		-0.3635		
	619.0000		-0.3536		
	620.0000		-0.3483		
	621.0000		-0.3399		
	622.0000		-0.3245		
	623.0000		-0.3100		
	624.0000		-0.2960		
	625.0000		-0.2914		
	626.0000		-0.2800		
	627.0000		-0.2724		
	628.0000		-0.2635		
	629.0000		-0.2481		
	630.0000		-0.2404		
	631.0000		-0.2356		
	632.0000		-0.2329		
	633.0000		-0.2290		
	634.0000		-0.2273		
	635.0000		-0.2277		
	636.0000		-0.2229		
	637.0000		-0.2147		
	638.0000		-0.2107		
	639.0000		-0.2032		
	640.0000		-0.1995		
	641.0000		-0.1968		
	642.0000		-0.1934		
	643.0000		-0.1873		
	644.0000		-0.1837		
	645.0000		-0.1806		
	646.0000		-0.1766		
	647.0000		-0.1755		
	648.0000		-0.1782		
	649.0000		-0.1749		
	650.0000		-0.1696		
	651.0000		-0.1708		
	652.0000		-0.1649		
	653.0000		-0.1610		
	654.0000		-0.1570		
	655.0000		-0.1564		
	656.0000		-0.1589		
	657.0000		-0.1671		
	658.0000		-0.1627		
	659.0000		-0.1576		
	660.0000		-0.1512		
	661.0000		-0.1514		
	662.0000		-0.1503		
	663.0000		-0.1514		
	664.0000		-0.1546		
	665.0000		-0.1524		
	666.0000		-0.1509		
	667.0000		-0.1510		
	668.0000		-0.1518		
	669.0000		-0.1544		
	670.0000		-0.1585		
	671.0000		-0.1564		
	672.0000		-0.1529		
	673.0000		-0.1536		
	674.0000		-0.1559		
	675.0000		-0.1557		
	676.0000		-0.1559		
	677.0000		-0.1599		
	678.0000		-0.1584		
	679.0000		-0.1518		
	680.0000		-0.1496		
	681.0000		-0.1519		
	682.0000		-0.1527		
	683.0000		-0.1588		
	684.0000		-0.1525		
	685.0000		-0.1527		
	686.0000		-0.1499		
	687.0000		-0.1487		
	688.0000		-0.1526		
	689.0000		-0.1562		
	690.0000		-0.1529		
	691.0000		-0.1485		
	692.0000		-0.1458		
	693.0000		-0.1453		
	694.0000		-0.1496		
	695.0000		-0.1478		
	696.0000		-0.1503		
	697.0000		-0.1567		
	698.0000		-0.1542		
	699.0000		-0.1490		
	700.0000		-0.1471		
	701.0000		-0.1451		
	702.0000		-0.1450		
	703.0000		-0.1449		
	704.0000		-0.1433		
	705.0000		-0.1447		
	706.0000		-0.1465		
	707.0000		-0.1437		
	708.0000		-0.1452		
	709.0000		-0.1460		
	710.0000		-0.1489		
	711.0000		-0.1535		
	712.0000		-0.1534		
	713.0000		-0.1518		
	714.0000		-0.1503		
	715.0000		-0.1500		
	716.0000		-0.1495		
	717.0000		-0.1452		
	718.0000		-0.1451		
	719.0000		-0.1474		
	720.0000		-0.1491		
	721.0000		-0.1520		
	722.0000		-0.1430		
	723.0000		-0.1418		
	724.0000		-0.1390		
	725.0000		-0.1356		
	726.0000		-0.1402		
	727.0000		-0.1487		
	728.0000		-0.1492		
	729.0000		-0.1473		
	730.0000		-0.1455		
	731.0000		-0.1447		
	732.0000		-0.1459		
	733.0000		-0.1434		
	734.0000		-0.1404		
	735.0000		-0.1429		
	736.0000		-0.1406		
	737.0000		-0.1368		
	738.0000		-0.1354		
	739.0000		-0.1337		
	740.0000		-0.1378		
	741.0000		-0.1328		
	742.0000		-0.1338		
	743.0000		-0.1359		
	744.0000		-0.1347		
	745.0000		-0.1325		
	746.0000		-0.1315		
	747.0000		-0.1323		
	748.0000		-0.1345		
	749.0000		-0.1353		
	750.0000		-0.1338		
	751.0000		-0.1310		
	752.0000		-0.1312		
	753.0000		-0.1359		
	754.0000		-0.1377		
	755.0000		-0.1388		
	756.0000		-0.1410		
	757.0000		-0.1454		
	758.0000		-0.1437		
	759.0000		-0.1403		
	760.0000		-0.1391		
	761.0000		-0.1358		
	762.0000		-0.1355		
	763.0000		-0.1341		
	764.0000		-0.1261		
	765.0000		-0.1253		
	766.0000		-0.1252		
	767.0000		-0.1318		
	768.0000		-0.1401		
	769.0000		-0.1321		
	770.0000		-0.1313		
	771.0000		-0.1288		
	772.0000		-0.1275		
	773.0000		-0.1314		
	774.0000		-0.1344		
	775.0000		-0.1355		
	776.0000		-0.1338		
	777.0000		-0.1376		
	778.0000		-0.1361		
	779.0000		-0.1390		
	780.0000		-0.1422		
	781.0000		-0.1429		
	782.0000		-0.1435		
	783.0000		-0.1407		
	784.0000		-0.1381		
	785.0000		-0.1337		
	786.0000		-0.1356		
	787.0000		-0.1381		
	788.0000		-0.1329		
	789.0000		-0.1360		
	790.0000		-0.1313		
	791.0000		-0.1285		
	792.0000		-0.1318		
	793.0000		-0.1408		
	794.0000		-0.1361		
	795.0000		-0.1385		
	796.0000		-0.1462		
	797.0000		-0.1470		
	798.0000		-0.1467		
	799.0000		-0.1484		
	800.0000		-0.1439		
	801.0000		-0.1410		
	802.0000		-0.1410		
	803.0000		-0.1463		
	804.0000		-0.1462		
	805.0000		-0.1446		
	806.0000		-0.1411		
	807.0000		-0.1415		
	808.0000		-0.1446		
	809.0000		-0.1412		
	810.0000		-0.1458		
	811.0000		-0.1448		
	812.0000		-0.1414		
	813.0000		-0.1381		
	814.0000		-0.1486		
	815.0000		-0.1514		
	816.0000		-0.1485		
	817.0000		-0.1464		
	818.0000		-0.1470		
	819.0000		-0.1480		
	820.0000		-0.1438		
	821.0000		-0.1415		
	822.0000		-0.1399		
	823.0000		-0.1427		
	824.0000		-0.1432		
	825.0000		-0.1370		
	826.0000		-0.1382		
	827.0000		-0.1388		
	828.0000		-0.1443		
	829.0000		-0.1473		
	830.0000		-0.1509		
	831.0000		-0.1503		
	832.0000		-0.1478		
	833.0000		-0.1467		
	834.0000		-0.1480		
	835.0000		-0.1465		
	836.0000		-0.1417		
	837.0000		-0.1397		
	838.0000		-0.1392		
	839.0000		-0.1340		
	840.0000		-0.1309		
	841.0000		-0.1273		
	842.0000		-0.1375		
	843.0000		-0.1315		
	844.0000		-0.1277		
	845.0000		-0.1362		
	846.0000		-0.1356		
	847.0000		-0.1306		
	848.0000		-0.1317		
	849.0000		-0.1362		
	850.0000		-0.1399		
	851.0000		-0.1423		
	852.0000		-0.1421		
	853.0000		-0.1444		
	854.0000		-0.1448		
	855.0000		-0.1438		
	856.0000		-0.1455		
	857.0000		-0.1441		
	858.0000		-0.1443		
	859.0000		-0.1515		
	860.0000		-0.1528		
	861.0000		-0.1514		
	862.0000		-0.1508		
	863.0000		-0.1472		
	864.0000		-0.1460		
	865.0000		-0.1429		
	866.0000		-0.1504		
	867.0000		-0.1493		
	868.0000		-0.1500		
	869.0000		-0.1519		
	870.0000		-0.1497		
	871.0000		-0.1467		
	872.0000		-0.1472		
	873.0000		-0.1477		
	874.0000		-0.1472		
	875.0000		-0.1429		
	876.0000		-0.1393		
	877.0000		-0.1333		
	878.0000		-0.1325		
	879.0000		-0.1348		
	880.0000		-0.1375		
	881.0000		-0.1384		
	882.0000		-0.1461		
	883.0000		-0.1472		
	884.0000		-0.1460		
	885.0000		-0.1473		
	886.0000		-0.1528		
	887.0000		-0.1540		
	888.0000		-0.1483		
	889.0000		-0.1444		
	890.0000		-0.1475		
	891.0000		-0.1466		
	892.0000		-0.1498		
	893.0000		-0.1478		
	894.0000		-0.1430		
	895.0000		-0.1412		
	896.0000		-0.1400		
	897.0000		-0.1415		
	898.0000		-0.1412		
	899.0000		-0.1390		
END
