IGOR
X| Sat Jul 22 16:51:19 2017
X|   0.000000000000 0 X|
X|   0.000000000000 0 X|
X|   0.000000000000 0 X|
X|   0.000000000000 0 X|
X| data_type 	 num_points 	 num_chans 	 shots_per_read 	 reads_per_point 	 num_sweeps
X|      0   			  900   		     1    		   30  		    10     			   1
WAVES	  XDATA  Z1DATA	 
BEGIN
	0.0000		-0.2983		
	1.0000		-0.3061		
	2.0000		-0.2957		
	3.0000		-0.2867		
	4.0000		-0.2851		
	5.0000		-0.2790		
	6.0000		-0.2589		
	7.0000		-0.2556		
	8.0000		-0.2499		
	9.0000		-0.2475		
	10.0000		-0.2536		
	11.0000		-0.2594		
	12.0000		-0.2643		
	13.0000		-0.2654		
	14.0000		0.0542		
	15.0000		0.0520		
	16.0000		-0.0162		
	17.0000		-0.0818		
	18.0000		-0.1308		
	19.0000		-0.1607		
	20.0000		-0.1842		
	21.0000		-0.2034		
	22.0000		-0.2209		
	23.0000		-0.2291		
	24.0000		-0.2392		
	25.0000		-0.2438		
	26.0000		-0.2425		
	27.0000		-0.2505		
	28.0000		-0.2508		
	29.0000		-0.2455		
	30.0000		-0.2452		
	31.0000		-0.2472		
	32.0000		-0.2500		
	33.0000		-0.2554		
	34.0000		-0.2571		
	35.0000		-0.2598		
	36.0000		-0.2590		
	37.0000		-0.2639		
	38.0000		-0.2667		
	39.0000		-0.2582		
	40.0000		-0.2570		
	41.0000		-0.2483		
	42.0000		-0.2415		
	43.0000		-0.2495		
	44.0000		-0.2517		
	45.0000		-0.2523		
	46.0000		-0.2481		
	47.0000		-0.2368		
	48.0000		-0.2378		
	49.0000		-0.2346		
	50.0000		-0.2426		
	51.0000		-0.2406		
	52.0000		-0.2421		
	53.0000		-0.2428		
	54.0000		-0.2462		
	55.0000		-0.2408		
	56.0000		-0.2434		
	57.0000		-0.2457		
	58.0000		-0.2413		
	59.0000		-0.2432		
	60.0000		-0.2406		
	61.0000		-0.2418		
	62.0000		-0.2466		
	63.0000		-0.2483		
	64.0000		-0.2480		
	65.0000		-0.2480		
	66.0000		-0.2489		
	67.0000		-0.2471		
	68.0000		-0.2416		
	69.0000		-0.2456		
	70.0000		-0.2417		
	71.0000		-0.2488		
	72.0000		-0.2508		
	73.0000		-0.2518		
	74.0000		-0.2426		
	75.0000		-0.2355		
	76.0000		-0.2370		
	77.0000		-0.2379		
	78.0000		-0.2394		
	79.0000		-0.2416		
	80.0000		-0.2426		
	81.0000		-0.2441		
	82.0000		-0.2500		
	83.0000		-0.2544		
	84.0000		-0.2527		
	85.0000		-0.2552		
	86.0000		-0.2522		
	87.0000		-0.2522		
	88.0000		-0.2555		
	89.0000		-0.2554		
	90.0000		-0.2573		
	91.0000		-0.2583		
	92.0000		-0.2574		
	93.0000		-0.2588		
	94.0000		-0.2586		
	95.0000		-0.2574		
	96.0000		-0.2577		
	97.0000		-0.2645		
	98.0000		-0.2539		
	99.0000		-0.2474		
	100.0000		-0.2458		
	101.0000		-0.2417		
	102.0000		-0.2454		
	103.0000		-0.2573		
	104.0000		-0.2567		
	105.0000		-0.2501		
	106.0000		-0.2491		
	107.0000		-0.2538		
	108.0000		-0.2442		
	109.0000		-0.2381		
	110.0000		-0.2351		
	111.0000		-0.2393		
	112.0000		-0.2358		
	113.0000		-0.2373		
	114.0000		-0.2414		
	115.0000		-0.2427		
	116.0000		-0.2390		
	117.0000		-0.2332		
	118.0000		-0.2361		
	119.0000		-0.2348		
	120.0000		-0.2396		
	121.0000		-0.2397		
	122.0000		-0.2351		
	123.0000		-0.2370		
	124.0000		-0.2455		
	125.0000		-0.2433		
	126.0000		-0.2457		
	127.0000		-0.2465		
	128.0000		-0.2522		
	129.0000		-0.2602		
	130.0000		-0.2624		
	131.0000		-0.2584		
	132.0000		-0.2624		
	133.0000		-0.2578		
	134.0000		-0.2543		
	135.0000		-0.2547		
	136.0000		-0.2532		
	137.0000		-0.2560		
	138.0000		-0.2532		
	139.0000		-0.2480		
	140.0000		-0.2515		
	141.0000		-0.2569		
	142.0000		-0.2560		
	143.0000		-0.2582		
	144.0000		-0.2597		
	145.0000		-0.2635		
	146.0000		-0.2608		
	147.0000		-0.2545		
	148.0000		-0.2512		
	149.0000		-0.2500		
	150.0000		-0.2409		
	151.0000		-0.2395		
	152.0000		-0.2430		
	153.0000		-0.2491		
	154.0000		-0.2464		
	155.0000		-0.2442		
	156.0000		-0.2415		
	157.0000		-0.2390		
	158.0000		-0.2482		
	159.0000		-0.2513		
	160.0000		-0.2547		
	161.0000		-0.2564		
	162.0000		-0.2472		
	163.0000		-0.2467		
	164.0000		-0.2509		
	165.0000		-0.2560		
	166.0000		-0.2502		
	167.0000		-0.2477		
	168.0000		-0.2424		
	169.0000		-0.2401		
	170.0000		-0.2451		
	171.0000		-0.2427		
	172.0000		-0.2467		
	173.0000		-0.2413		
	174.0000		-0.2419		
	175.0000		-0.2410		
	176.0000		-0.2416		
	177.0000		-0.2423		
	178.0000		-0.2395		
	179.0000		-0.2288		
	180.0000		-0.2314		
	181.0000		-0.2334		
	182.0000		-0.2415		
	183.0000		-0.2441		
	184.0000		-0.2497		
	185.0000		-0.2450		
	186.0000		-0.2387		
	187.0000		-0.2366		
	188.0000		-0.2326		
	189.0000		-0.2329		
	190.0000		-0.2406		
	191.0000		-0.2546		
	192.0000		-0.2534		
	193.0000		-0.2548		
	194.0000		-0.2479		
	195.0000		-0.2430		
	196.0000		-0.2438		
	197.0000		-0.2477		
	198.0000		-0.2530		
	199.0000		-0.2472		
	200.0000		-0.2438		
	201.0000		-0.2448		
	202.0000		-0.2540		
	203.0000		-0.2502		
	204.0000		-0.2534		
	205.0000		-0.2618		
	206.0000		-0.2725		
	207.0000		-0.2630		
	208.0000		-0.2548		
	209.0000		-0.2480		
	210.0000		-0.2434		
	211.0000		-0.2413		
	212.0000		-0.2390		
	213.0000		-0.2388		
	214.0000		-0.2465		
	215.0000		-0.2505		
	216.0000		-0.2506		
	217.0000		-0.2530		
	218.0000		-0.2515		
	219.0000		-0.2467		
	220.0000		-0.2421		
	221.0000		-0.2355		
	222.0000		-0.2326		
	223.0000		-0.2359		
	224.0000		-0.2398		
	225.0000		-0.2467		
	226.0000		-0.2605		
	227.0000		-0.2633		
	228.0000		-0.2658		
	229.0000		-0.2618		
	230.0000		-0.2521		
	231.0000		-0.2472		
	232.0000		-0.2451		
	233.0000		-0.2511		
	234.0000		-0.2507		
	235.0000		-0.2567		
	236.0000		-0.2532		
	237.0000		-0.2567		
	238.0000		-0.2699		
	239.0000		-0.2685		
	240.0000		-0.2697		
	241.0000		-0.2677		
	242.0000		-0.2613		
	243.0000		-0.2579		
	244.0000		-0.2611		
	245.0000		-0.2669		
	246.0000		-0.2691		
	247.0000		-0.2645		
	248.0000		-0.2638		
	249.0000		-0.2573		
	250.0000		-0.2528		
	251.0000		-0.2563		
	252.0000		-0.2586		
	253.0000		-0.2565		
	254.0000		-0.2503		
	255.0000		-0.2470		
	256.0000		-0.2523		
	257.0000		-0.2654		
	258.0000		-0.2654		
	259.0000		-0.2617		
	260.0000		-0.2640		
	261.0000		-0.2708		
	262.0000		-0.2659		
	263.0000		-0.2583		
	264.0000		-0.2521		
	265.0000		-0.2484		
	266.0000		-0.2517		
	267.0000		-0.2525		
	268.0000		-0.2510		
	269.0000		-0.2500		
	270.0000		-0.2484		
	271.0000		-0.2550		
	272.0000		-0.2455		
	273.0000		-0.2447		
	274.0000		-0.2508		
	275.0000		-0.2571		
	276.0000		-0.2614		
	277.0000		-0.2542		
	278.0000		-0.2447		
	279.0000		-0.2488		
	280.0000		-0.2468		
	281.0000		-0.2449		
	282.0000		-0.2501		
	283.0000		-0.2486		
	284.0000		-0.2495		
	285.0000		-0.2416		
	286.0000		-0.2424		
	287.0000		-0.2458		
	288.0000		-0.2463		
	289.0000		-0.2481		
	290.0000		-0.2551		
	291.0000		-0.2575		
	292.0000		-0.2459		
	293.0000		-0.2444		
	294.0000		-0.2508		
	295.0000		-0.2521		
	296.0000		-0.2486		
	297.0000		-0.2422		
	298.0000		-0.2395		
	299.0000		-0.2466		
	300.0000		-0.2475		
	301.0000		-0.2435		
	302.0000		-0.2457		
	303.0000		-0.2404		
	304.0000		-0.2422		
	305.0000		-0.2425		
	306.0000		-0.2498		
	307.0000		-0.2429		
	308.0000		-0.2447		
	309.0000		-0.2433		
	310.0000		-0.2453		
	311.0000		-0.2467		
	312.0000		-0.2461		
	313.0000		-0.2469		
	314.0000		-0.2546		
	315.0000		-0.2597		
	316.0000		-0.2665		
	317.0000		-0.2653		
	318.0000		-0.2551		
	319.0000		-0.2501		
	320.0000		-0.2518		
	321.0000		-0.2547		
	322.0000		-0.2563		
	323.0000		-0.2537		
	324.0000		-0.2527		
	325.0000		-0.2480		
	326.0000		-0.2348		
	327.0000		-0.2268		
	328.0000		-0.2275		
	329.0000		-0.2329		
	330.0000		-0.2318		
	331.0000		-0.2333		
	332.0000		-0.2366		
	333.0000		-0.2429		
	334.0000		-0.2444		
	335.0000		-0.2511		
	336.0000		-0.2490		
	337.0000		-0.2432		
	338.0000		-0.2384		
	339.0000		-0.2329		
	340.0000		-0.2315		
	341.0000		-0.2295		
	342.0000		-0.2378		
	343.0000		-0.2344		
	344.0000		-0.2381		
	345.0000		-0.2438		
	346.0000		-0.2418		
	347.0000		-0.2425		
	348.0000		-0.2374		
	349.0000		-0.2385		
	350.0000		-0.2456		
	351.0000		-0.2485		
	352.0000		-0.2434		
	353.0000		-0.2397		
	354.0000		-0.2440		
	355.0000		-0.2449		
	356.0000		-0.2387		
	357.0000		-0.2405		
	358.0000		-0.2452		
	359.0000		-0.2536		
	360.0000		-0.2489		
	361.0000		-0.2498		
	362.0000		-0.2541		
	363.0000		-0.2552		
	364.0000		-0.2508		
	365.0000		-0.2604		
	366.0000		-0.2601		
	367.0000		-0.2589		
	368.0000		-0.2573		
	369.0000		-0.2543		
	370.0000		-0.2538		
	371.0000		-0.2565		
	372.0000		-0.2523		
	373.0000		-0.2564		
	374.0000		-0.2562		
	375.0000		-0.2478		
	376.0000		-0.2427		
	377.0000		-0.2332		
	378.0000		-0.2340		
	379.0000		-0.2347		
	380.0000		-0.2376		
	381.0000		-0.2395		
	382.0000		-0.2411		
	383.0000		-0.2419		
	384.0000		-0.2463		
	385.0000		-0.2440		
	386.0000		-0.2466		
	387.0000		-0.2471		
	388.0000		-0.2397		
	389.0000		-0.2448		
	390.0000		-0.2495		
	391.0000		-0.2523		
	392.0000		-0.2401		
	393.0000		-0.2389		
	394.0000		-0.2484		
	395.0000		-0.2416		
	396.0000		-0.2325		
	397.0000		-0.2298		
	398.0000		-0.2322		
	399.0000		-0.2516		
	400.0000		-0.2539		
	401.0000		-0.2542		
	402.0000		-0.2580		
	403.0000		-0.2580		
	404.0000		-0.2560		
	405.0000		-0.2517		
	406.0000		-0.2456		
	407.0000		-0.2401		
	408.0000		-0.2443		
	409.0000		-0.2452		
	410.0000		-0.2428		
	411.0000		-0.2419		
	412.0000		-0.2413		
	413.0000		-0.2361		
	414.0000		-0.2370		
	415.0000		-0.2414		
	416.0000		-0.2429		
	417.0000		-0.2413		
	418.0000		-0.2389		
	419.0000		-0.2423		
	420.0000		-0.2398		
	421.0000		-0.2335		
	422.0000		-0.2373		
	423.0000		-0.2440		
	424.0000		-0.2417		
	425.0000		-0.2405		
	426.0000		-0.2355		
	427.0000		-0.2414		
	428.0000		-0.2455		
	429.0000		-0.2425		
	430.0000		-0.2408		
	431.0000		-0.2405		
	432.0000		-0.2474		
	433.0000		-0.2472		
	434.0000		-0.2485		
	435.0000		-0.2484		
	436.0000		-0.2564		
	437.0000		-0.2555		
	438.0000		-0.2493		
	439.0000		-0.2511		
	440.0000		-0.2644		
	441.0000		-0.2642		
	442.0000		-0.2537		
	443.0000		-0.2440		
	444.0000		-0.2420		
	445.0000		-0.2400		
	446.0000		-0.2438		
	447.0000		-0.2486		
	448.0000		-0.2468		
	449.0000		-0.2488		
	450.0000		-0.2478		
	451.0000		-0.2463		
	452.0000		-0.2553		
	453.0000		-0.2519		
	454.0000		-0.2597		
	455.0000		-0.2602		
	456.0000		-0.2604		
	457.0000		-0.2590		
	458.0000		-0.2614		
	459.0000		-0.2567		
	460.0000		-0.2497		
	461.0000		-0.2410		
	462.0000		-0.2474		
	463.0000		-0.2543		
	464.0000		-0.2562		
	465.0000		-0.2605		
	466.0000		-0.2617		
	467.0000		-0.2582		
	468.0000		-0.2620		
	469.0000		-0.2628		
	470.0000		-0.2619		
	471.0000		-0.2674		
	472.0000		-0.2657		
	473.0000		-0.2533		
	474.0000		-0.2566		
	475.0000		-0.2648		
	476.0000		-0.2700		
	477.0000		-0.2620		
	478.0000		-0.2578		
	479.0000		-0.2508		
	480.0000		-0.2420		
	481.0000		-0.2473		
	482.0000		-0.2472		
	483.0000		-0.2462		
	484.0000		-0.2437		
	485.0000		-0.2483		
	486.0000		-0.2516		
	487.0000		-0.2484		
	488.0000		-0.2386		
	489.0000		-0.2432		
	490.0000		-0.2508		
	491.0000		-0.2530		
	492.0000		-0.2519		
	493.0000		-0.2426		
	494.0000		-0.2329		
	495.0000		-0.2285		
	496.0000		-0.2358		
	497.0000		-0.2376		
	498.0000		-0.2328		
	499.0000		-0.2365		
	500.0000		-0.2391		
	501.0000		-0.2447		
	502.0000		-0.2482		
	503.0000		-0.2487		
	504.0000		-0.2473		
	505.0000		-0.2503		
	506.0000		-0.2528		
	507.0000		-0.2417		
	508.0000		-0.2401		
	509.0000		-0.2461		
	510.0000		-0.2477		
	511.0000		-0.2384		
	512.0000		-0.2419		
	513.0000		-0.2464		
	514.0000		-0.2557		
	515.0000		-0.2591		
	516.0000		-0.2607		
	517.0000		-0.2572		
	518.0000		-0.2613		
	519.0000		-0.2558		
	520.0000		-0.2528		
	521.0000		-0.2483		
	522.0000		-0.2501		
	523.0000		-0.2569		
	524.0000		-0.2589		
	525.0000		-0.2582		
	526.0000		-0.2648		
	527.0000		-0.2637		
	528.0000		-0.2633		
	529.0000		-0.2715		
	530.0000		-0.2697		
	531.0000		-0.2640		
	532.0000		-0.2603		
	533.0000		-0.2550		
	534.0000		-0.2532		
	535.0000		-0.2534		
	536.0000		-0.2578		
	537.0000		-0.2600		
	538.0000		-0.2590		
	539.0000		-0.2612		
	540.0000		-0.2544		
	541.0000		-0.2441		
	542.0000		-0.2450		
	543.0000		-0.2444		
	544.0000		-0.2505		
	545.0000		-0.2484		
	546.0000		-0.2580		
	547.0000		-0.2584		
	548.0000		-0.2543		
	549.0000		-0.2556		
	550.0000		-0.2520		
	551.0000		-0.2489		
	552.0000		-0.2539		
	553.0000		-0.2534		
	554.0000		-0.2546		
	555.0000		-0.2580		
	556.0000		-0.2539		
	557.0000		-0.2508		
	558.0000		-0.2532		
	559.0000		-0.2588		
	560.0000		-0.2631		
	561.0000		-0.2558		
	562.0000		-0.2453		
	563.0000		-0.2462		
	564.0000		-0.2440		
	565.0000		-0.2425		
	566.0000		-0.2417		
	567.0000		-0.2440		
	568.0000		-0.2467		
	569.0000		-0.2448		
	570.0000		-0.2512		
	571.0000		-0.2535		
	572.0000		-0.2602		
	573.0000		-0.2594		
	574.0000		-0.2557		
	575.0000		-0.2602		
	576.0000		-0.2554		
	577.0000		-0.2462		
	578.0000		-0.2437		
	579.0000		-0.2435		
	580.0000		-0.2415		
	581.0000		-0.2382		
	582.0000		-0.2461		
	583.0000		-0.2516		
	584.0000		-0.2536		
	585.0000		-0.2552		
	586.0000		-0.2555		
	587.0000		-0.2573		
	588.0000		-0.2558		
	589.0000		-0.2520		
	590.0000		-0.2556		
	591.0000		-0.2515		
	592.0000		-0.2447		
	593.0000		-0.2488		
	594.0000		-0.2506		
	595.0000		-0.2453		
	596.0000		-0.2447		
	597.0000		-0.2449		
	598.0000		-0.2441		
	599.0000		-0.2411		
	600.0000		-0.2357		
	601.0000		-0.2336		
	602.0000		-0.2419		
	603.0000		-0.2413		
	604.0000		-0.2335		
	605.0000		-0.2383		
	606.0000		-0.2398		
	607.0000		-0.2370		
	608.0000		-0.2434		
	609.0000		-0.2440		
	610.0000		-0.2411		
	611.0000		-0.2372		
	612.0000		-0.2376		
	613.0000		-0.2369		
	614.0000		-0.2371		
	615.0000		-0.2363		
	616.0000		-0.2317		
	617.0000		-0.2310		
	618.0000		-0.2374		
	619.0000		-0.2326		
	620.0000		-0.2413		
	621.0000		-0.2440		
	622.0000		-0.2466		
	623.0000		-0.2522		
	624.0000		-0.2569		
	625.0000		-0.2608		
	626.0000		-0.2650		
	627.0000		-0.2564		
	628.0000		-0.2545		
	629.0000		-0.2555		
	630.0000		-0.2544		
	631.0000		-0.2572		
	632.0000		-0.2621		
	633.0000		-0.2587		
	634.0000		-0.2474		
	635.0000		-0.2494		
	636.0000		-0.2474		
	637.0000		-0.2404		
	638.0000		-0.2386		
	639.0000		-0.2445		
	640.0000		-0.2477		
	641.0000		-0.2418		
	642.0000		-0.2379		
	643.0000		-0.2473		
	644.0000		-0.2543		
	645.0000		-0.2511		
	646.0000		-0.2499		
	647.0000		-0.2487		
	648.0000		-0.2461		
	649.0000		-0.2558		
	650.0000		-0.2518		
	651.0000		-0.2535		
	652.0000		-0.2475		
	653.0000		-0.2452		
	654.0000		-0.2450		
	655.0000		-0.2537		
	656.0000		-0.2550		
	657.0000		-0.2509		
	658.0000		-0.2504		
	659.0000		-0.2533		
	660.0000		-0.2555		
	661.0000		-0.2581		
	662.0000		-0.2573		
	663.0000		-0.2551		
	664.0000		-0.2617		
	665.0000		-0.2573		
	666.0000		-0.2515		
	667.0000		-0.2491		
	668.0000		-0.2505		
	669.0000		-0.2526		
	670.0000		-0.2544		
	671.0000		-0.2513		
	672.0000		-0.2417		
	673.0000		-0.2440		
	674.0000		-0.2474		
	675.0000		-0.2460		
	676.0000		-0.2445		
	677.0000		-0.2432		
	678.0000		-0.2358		
	679.0000		-0.2419		
	680.0000		-0.2455		
	681.0000		-0.2444		
	682.0000		-0.2437		
	683.0000		-0.2456		
	684.0000		-0.2515		
	685.0000		-0.2522		
	686.0000		-0.2537		
	687.0000		-0.2615		
	688.0000		-0.2603		
	689.0000		-0.2619		
	690.0000		-0.2546		
	691.0000		-0.2532		
	692.0000		-0.2494		
	693.0000		-0.2490		
	694.0000		-0.2530		
	695.0000		-0.2462		
	696.0000		-0.2550		
	697.0000		-0.2503		
	698.0000		-0.2453		
	699.0000		-0.2392		
	700.0000		-0.2364		
	701.0000		-0.2384		
	702.0000		-0.2304		
	703.0000		-0.2383		
	704.0000		-0.2414		
	705.0000		-0.2507		
	706.0000		-0.2564		
	707.0000		-0.2477		
	708.0000		-0.2492		
	709.0000		-0.2433		
	710.0000		-0.2402		
	711.0000		-0.2421		
	712.0000		-0.2457		
	713.0000		-0.2460		
	714.0000		-0.2488		
	715.0000		-0.2525		
	716.0000		-0.2620		
	717.0000		-0.2612		
	718.0000		-0.2559		
	719.0000		-0.2585		
	720.0000		-0.2571		
	721.0000		-0.2552		
	722.0000		-0.2527		
	723.0000		-0.2504		
	724.0000		-0.2551		
	725.0000		-0.2682		
	726.0000		-0.2790		
	727.0000		-0.2710		
	728.0000		-0.2661		
	729.0000		-0.2683		
	730.0000		-0.2566		
	731.0000		-0.2521		
	732.0000		-0.2502		
	733.0000		-0.2494		
	734.0000		-0.2526		
	735.0000		-0.2534		
	736.0000		-0.2564		
	737.0000		-0.2558		
	738.0000		-0.2518		
	739.0000		-0.2505		
	740.0000		-0.2515		
	741.0000		-0.2605		
	742.0000		-0.2604		
	743.0000		-0.2488		
	744.0000		-0.2477		
	745.0000		-0.2480		
	746.0000		-0.2510		
	747.0000		-0.2567		
	748.0000		-0.2657		
	749.0000		-0.2607		
	750.0000		-0.2545		
	751.0000		-0.2440		
	752.0000		-0.2475		
	753.0000		-0.2491		
	754.0000		-0.2465		
	755.0000		-0.2478		
	756.0000		-0.2459		
	757.0000		-0.2518		
	758.0000		-0.2548		
	759.0000		-0.2548		
	760.0000		-0.2538		
	761.0000		-0.2501		
	762.0000		-0.2484		
	763.0000		-0.2516		
	764.0000		-0.2521		
	765.0000		-0.2544		
	766.0000		-0.2529		
	767.0000		-0.2458		
	768.0000		-0.2487		
	769.0000		-0.2576		
	770.0000		-0.2611		
	771.0000		-0.2602		
	772.0000		-0.2562		
	773.0000		-0.2555		
	774.0000		-0.2545		
	775.0000		-0.2517		
	776.0000		-0.2431		
	777.0000		-0.2494		
	778.0000		-0.2502		
	779.0000		-0.2441		
	780.0000		-0.2405		
	781.0000		-0.2368		
	782.0000		-0.2475		
	783.0000		-0.2497		
	784.0000		-0.2404		
	785.0000		-0.2441		
	786.0000		-0.2530		
	787.0000		-0.2541		
	788.0000		-0.2596		
	789.0000		-0.2602		
	790.0000		-0.2593		
	791.0000		-0.2576		
	792.0000		-0.2635		
	793.0000		-0.2574		
	794.0000		-0.2576		
	795.0000		-0.2668		
	796.0000		-0.2674		
	797.0000		-0.2664		
	798.0000		-0.2707		
	799.0000		-0.2669		
	800.0000		-0.2680		
	801.0000		-0.2674		
	802.0000		-0.2605		
	803.0000		-0.2597		
	804.0000		-0.2514		
	805.0000		-0.2504		
	806.0000		-0.2552		
	807.0000		-0.2618		
	808.0000		-0.2575		
	809.0000		-0.2576		
	810.0000		-0.2539		
	811.0000		-0.2496		
	812.0000		-0.2551		
	813.0000		-0.2609		
	814.0000		-0.2595		
	815.0000		-0.2532		
	816.0000		-0.2449		
	817.0000		-0.2436		
	818.0000		-0.2443		
	819.0000		-0.2496		
	820.0000		-0.2529		
	821.0000		-0.2440		
	822.0000		-0.2422		
	823.0000		-0.2452		
	824.0000		-0.2503		
	825.0000		-0.2506		
	826.0000		-0.2569		
	827.0000		-0.2572		
	828.0000		-0.2608		
	829.0000		-0.2624		
	830.0000		-0.2622		
	831.0000		-0.2637		
	832.0000		-0.2563		
	833.0000		-0.2590		
	834.0000		-0.2599		
	835.0000		-0.2649		
	836.0000		-0.2709		
	837.0000		-0.2692		
	838.0000		-0.2643		
	839.0000		-0.2628		
	840.0000		-0.2632		
	841.0000		-0.2662		
	842.0000		-0.2583		
	843.0000		-0.2595		
	844.0000		-0.2677		
	845.0000		-0.2711		
	846.0000		-0.2651		
	847.0000		-0.2609		
	848.0000		-0.2577		
	849.0000		-0.2599		
	850.0000		-0.2560		
	851.0000		-0.2485		
	852.0000		-0.2539		
	853.0000		-0.2512		
	854.0000		-0.2560		
	855.0000		-0.2556		
	856.0000		-0.2616		
	857.0000		-0.2558		
	858.0000		-0.2518		
	859.0000		-0.2496		
	860.0000		-0.2518		
	861.0000		-0.2467		
	862.0000		-0.2611		
	863.0000		-0.2725		
	864.0000		-0.2800		
	865.0000		-0.2856		
	866.0000		-0.2803		
	867.0000		-0.2665		
	868.0000		-0.2596		
	869.0000		-0.2595		
	870.0000		-0.2547		
	871.0000		-0.2566		
	872.0000		-0.2640		
	873.0000		-0.2660		
	874.0000		-0.2689		
	875.0000		-0.2725		
	876.0000		-0.2853		
	877.0000		-0.2837		
	878.0000		-0.2751		
	879.0000		-0.2695		
	880.0000		-0.2645		
	881.0000		-0.2643		
	882.0000		-0.2643		
	883.0000		-0.2617		
	884.0000		-0.2628		
	885.0000		-0.2662		
	886.0000		-0.2671		
	887.0000		-0.2735		
	888.0000		-0.2706		
	889.0000		-0.2734		
	890.0000		-0.2692		
	891.0000		-0.2643		
	892.0000		-0.2687		
	893.0000		-0.2706		
	894.0000		-0.2703		
	895.0000		-0.2601		
	896.0000		-0.2588		
	897.0000		-0.2523		
	898.0000		-0.2558		
	899.0000		-0.2546		
END
