IGOR
X| Tue Jul 18 17:22:31 2017
X|   0.000000000000 0 X|
X|   0.000000000000 0 X|
X|   0.000000000000 0 X|
X|   0.000000000000 0 X|
X| data_type 	 num_points 	 num_chans 	 shots_per_read 	 reads_per_point 	 num_sweeps
X|      0   			  1200   		     1    		   30  		    10     			   1
WAVES	  XDATA  Z1DATA	 
BEGIN
	0.0000		-0.6242		
	1.0000		-0.6208		
	2.0000		-0.6163		
	3.0000		-0.6074		
	4.0000		-0.6004		
	5.0000		-0.5935		
	6.0000		-0.5851		
	7.0000		-0.5736		
	8.0000		-0.5703		
	9.0000		-0.5706		
	10.0000		-0.5688		
	11.0000		-0.5653		
	12.0000		-0.5688		
	13.0000		-0.5590		
	14.0000		-0.3873		
	15.0000		-0.3325		
	16.0000		-0.3846		
	17.0000		-0.4319		
	18.0000		-0.4659		
	19.0000		-0.4931		
	20.0000		-0.5258		
	21.0000		-0.5487		
	22.0000		-0.5727		
	23.0000		-0.5896		
	24.0000		-0.6002		
	25.0000		-0.6115		
	26.0000		-0.6340		
	27.0000		-0.6425		
	28.0000		-0.6536		
	29.0000		-0.6658		
	30.0000		-0.6815		
	31.0000		-0.6995		
	32.0000		-0.7130		
	33.0000		-0.7247		
	34.0000		-0.7354		
	35.0000		-0.7379		
	36.0000		-0.7391		
	37.0000		-0.7368		
	38.0000		-0.7311		
	39.0000		-0.7144		
	40.0000		-0.7035		
	41.0000		-0.6986		
	42.0000		-0.6894		
	43.0000		-0.6743		
	44.0000		-0.6659		
	45.0000		-0.6590		
	46.0000		-0.6560		
	47.0000		-0.6511		
	48.0000		-0.6475		
	49.0000		-0.6425		
	50.0000		-0.6433		
	51.0000		-0.6485		
	52.0000		-0.6475		
	53.0000		-0.6461		
	54.0000		-0.6409		
	55.0000		-0.6353		
	56.0000		-0.6343		
	57.0000		-0.6347		
	58.0000		-0.6223		
	59.0000		-0.6074		
	60.0000		-0.5986		
	61.0000		-0.5945		
	62.0000		-0.5949		
	63.0000		-0.5964		
	64.0000		-0.5889		
	65.0000		-0.5827		
	66.0000		-0.5818		
	67.0000		-0.5874		
	68.0000		-0.5893		
	69.0000		-0.5906		
	70.0000		-0.5876		
	71.0000		-0.5849		
	72.0000		-0.5840		
	73.0000		-0.5868		
	74.0000		-0.5803		
	75.0000		-0.5779		
	76.0000		-0.5790		
	77.0000		-0.5825		
	78.0000		-0.5850		
	79.0000		-0.5820		
	80.0000		-0.5801		
	81.0000		-0.5739		
	82.0000		-0.5738		
	83.0000		-0.5710		
	84.0000		-0.5672		
	85.0000		-0.5668		
	86.0000		-0.5632		
	87.0000		-0.5611		
	88.0000		-0.5606		
	89.0000		-0.5660		
	90.0000		-0.5654		
	91.0000		-0.5637		
	92.0000		-0.5623		
	93.0000		-0.5585		
	94.0000		-0.5600		
	95.0000		-0.5650		
	96.0000		-0.5653		
	97.0000		-0.5638		
	98.0000		-0.5625		
	99.0000		-0.5656		
	100.0000		-0.5710		
	101.0000		-0.5739		
	102.0000		-0.5720		
	103.0000		-0.5662		
	104.0000		-0.5673		
	105.0000		-0.5708		
	106.0000		-0.5702		
	107.0000		-0.5716		
	108.0000		-0.5679		
	109.0000		-0.5672		
	110.0000		-0.5627		
	111.0000		-0.5610		
	112.0000		-0.5588		
	113.0000		-0.5620		
	114.0000		-0.5677		
	115.0000		-0.5730		
	116.0000		-0.5684		
	117.0000		-0.5696		
	118.0000		-0.5724		
	119.0000		-0.5759		
	120.0000		-0.5717		
	121.0000		-0.5701		
	122.0000		-0.5652		
	123.0000		-0.5613		
	124.0000		-0.5611		
	125.0000		-0.5571		
	126.0000		-0.5560		
	127.0000		-0.5546		
	128.0000		-0.5560		
	129.0000		-0.5591		
	130.0000		-0.5637		
	131.0000		-0.5655		
	132.0000		-0.5643		
	133.0000		-0.5599		
	134.0000		-0.5610		
	135.0000		-0.5591		
	136.0000		-0.5557		
	137.0000		-0.5632		
	138.0000		-0.5634		
	139.0000		-0.5623		
	140.0000		-0.5612		
	141.0000		-0.5606		
	142.0000		-0.5612		
	143.0000		-0.5571		
	144.0000		-0.5544		
	145.0000		-0.5488		
	146.0000		-0.5498		
	147.0000		-0.5462		
	148.0000		-0.5560		
	149.0000		-0.5608		
	150.0000		-0.5610		
	151.0000		-0.5597		
	152.0000		-0.5590		
	153.0000		-0.5522		
	154.0000		-0.5514		
	155.0000		-0.5486		
	156.0000		-0.5493		
	157.0000		-0.5525		
	158.0000		-0.5586		
	159.0000		-0.5635		
	160.0000		-0.5588		
	161.0000		-0.5588		
	162.0000		-0.5661		
	163.0000		-0.5687		
	164.0000		-0.5688		
	165.0000		-0.5660		
	166.0000		-0.5644		
	167.0000		-0.5706		
	168.0000		-0.5699		
	169.0000		-0.5697		
	170.0000		-0.5729		
	171.0000		-0.5671		
	172.0000		-0.5615		
	173.0000		-0.5572		
	174.0000		-0.5530		
	175.0000		-0.5475		
	176.0000		-0.5451		
	177.0000		-0.5484		
	178.0000		-0.5554		
	179.0000		-0.5592		
	180.0000		-0.5571		
	181.0000		-0.5558		
	182.0000		-0.5503		
	183.0000		-0.5498		
	184.0000		-0.5580		
	185.0000		-0.5585		
	186.0000		-0.5579		
	187.0000		-0.5600		
	188.0000		-0.5613		
	189.0000		-0.5610		
	190.0000		-0.5579		
	191.0000		-0.5563		
	192.0000		-0.5549		
	193.0000		-0.5566		
	194.0000		-0.5568		
	195.0000		-0.5558		
	196.0000		-0.5536		
	197.0000		-0.5488		
	198.0000		-0.5496		
	199.0000		-0.5545		
	200.0000		-0.5555		
	201.0000		-0.5537		
	202.0000		-0.5467		
	203.0000		-0.5463		
	204.0000		-0.5419		
	205.0000		-0.5391		
	206.0000		-0.5426		
	207.0000		-0.5460		
	208.0000		-0.5530		
	209.0000		-0.5560		
	210.0000		-0.5535		
	211.0000		-0.5482		
	212.0000		-0.5502		
	213.0000		-0.5463		
	214.0000		-0.5458		
	215.0000		-0.5464		
	216.0000		-0.5483		
	217.0000		-0.5535		
	218.0000		-0.5541		
	219.0000		-0.5486		
	220.0000		-0.5502		
	221.0000		-0.5484		
	222.0000		-0.5468		
	223.0000		-0.5491		
	224.0000		-0.5491		
	225.0000		-0.5499		
	226.0000		-0.5544		
	227.0000		-0.5508		
	228.0000		-0.5514		
	229.0000		-0.5487		
	230.0000		-0.5457		
	231.0000		-0.5433		
	232.0000		-0.5385		
	233.0000		-0.5385		
	234.0000		-0.5396		
	235.0000		-0.5359		
	236.0000		-0.5355		
	237.0000		-0.5339		
	238.0000		-0.5306		
	239.0000		-0.5320		
	240.0000		-0.5420		
	241.0000		-0.5417		
	242.0000		-0.5412		
	243.0000		-0.5411		
	244.0000		-0.5465		
	245.0000		-0.5474		
	246.0000		-0.5558		
	247.0000		-0.5528		
	248.0000		-0.5497		
	249.0000		-0.5460		
	250.0000		-0.5408		
	251.0000		-0.5412		
	252.0000		-0.5433		
	253.0000		-0.5460		
	254.0000		-0.5453		
	255.0000		-0.5450		
	256.0000		-0.5462		
	257.0000		-0.5426		
	258.0000		-0.5334		
	259.0000		-0.5281		
	260.0000		-0.5305		
	261.0000		-0.5328		
	262.0000		-0.5274		
	263.0000		-0.5325		
	264.0000		-0.5368		
	265.0000		-0.5380		
	266.0000		-0.5364		
	267.0000		-0.5341		
	268.0000		-0.5371		
	269.0000		-0.5401		
	270.0000		-0.5417		
	271.0000		-0.5420		
	272.0000		-0.5419		
	273.0000		-0.5416		
	274.0000		-0.5393		
	275.0000		-0.5404		
	276.0000		-0.5399		
	277.0000		-0.5386		
	278.0000		-0.5389		
	279.0000		-0.5363		
	280.0000		-0.5458		
	281.0000		-0.5450		
	282.0000		-0.5452		
	283.0000		-0.5483		
	284.0000		-0.5499		
	285.0000		-0.5499		
	286.0000		-0.5473		
	287.0000		-0.5532		
	288.0000		-0.5536		
	289.0000		-0.5538		
	290.0000		-0.5640		
	291.0000		-0.5735		
	292.0000		-0.5795		
	293.0000		-0.5826		
	294.0000		-0.5816		
	295.0000		-0.5840		
	296.0000		-0.5796		
	297.0000		-0.5748		
	298.0000		-0.5820		
	299.0000		-0.5847		
	300.0000		-0.5797		
	301.0000		-0.5742		
	302.0000		-0.5764		
	303.0000		-0.5782		
	304.0000		-0.5806		
	305.0000		-0.5838		
	306.0000		-0.5850		
	307.0000		-0.5819		
	308.0000		-0.5827		
	309.0000		-0.5794		
	310.0000		-0.5808		
	311.0000		-0.5782		
	312.0000		-0.5769		
	313.0000		-0.5809		
	314.0000		-0.5766		
	315.0000		-0.5788		
	316.0000		-0.5812		
	317.0000		-0.5792		
	318.0000		-0.5798		
	319.0000		-0.5832		
	320.0000		-0.5891		
	321.0000		-0.5927		
	322.0000		-0.5929		
	323.0000		-0.5862		
	324.0000		-0.5779		
	325.0000		-0.5806		
	326.0000		-0.5759		
	327.0000		-0.5727		
	328.0000		-0.5706		
	329.0000		-0.5708		
	330.0000		-0.5750		
	331.0000		-0.5737		
	332.0000		-0.5699		
	333.0000		-0.5650		
	334.0000		-0.5617		
	335.0000		-0.5602		
	336.0000		-0.5639		
	337.0000		-0.5629		
	338.0000		-0.5616		
	339.0000		-0.5610		
	340.0000		-0.5591		
	341.0000		-0.5627		
	342.0000		-0.5558		
	343.0000		-0.5515		
	344.0000		-0.5548		
	345.0000		-0.5558		
	346.0000		-0.5547		
	347.0000		-0.5540		
	348.0000		-0.5568		
	349.0000		-0.5598		
	350.0000		-0.5614		
	351.0000		-0.5650		
	352.0000		-0.5686		
	353.0000		-0.5589		
	354.0000		-0.5537		
	355.0000		-0.5544		
	356.0000		-0.5570		
	357.0000		-0.5504		
	358.0000		-0.5465		
	359.0000		-0.5445		
	360.0000		-0.5418		
	361.0000		-0.5465		
	362.0000		-0.5498		
	363.0000		-0.5457		
	364.0000		-0.5424		
	365.0000		-0.5454		
	366.0000		-0.5495		
	367.0000		-0.5501		
	368.0000		-0.5485		
	369.0000		-0.5486		
	370.0000		-0.5452		
	371.0000		-0.5382		
	372.0000		-0.5394		
	373.0000		-0.5402		
	374.0000		-0.5385		
	375.0000		-0.5354		
	376.0000		-0.5336		
	377.0000		-0.5311		
	378.0000		-0.5311		
	379.0000		-0.5353		
	380.0000		-0.5402		
	381.0000		-0.5408		
	382.0000		-0.5447		
	383.0000		-0.5408		
	384.0000		-0.5412		
	385.0000		-0.5407		
	386.0000		-0.5370		
	387.0000		-0.5385		
	388.0000		-0.5408		
	389.0000		-0.5372		
	390.0000		-0.5346		
	391.0000		-0.5354		
	392.0000		-0.5326		
	393.0000		-0.5388		
	394.0000		-0.5424		
	395.0000		-0.5429		
	396.0000		-0.5461		
	397.0000		-0.5490		
	398.0000		-0.5460		
	399.0000		-0.5477		
	400.0000		-0.5495		
	401.0000		-0.5479		
	402.0000		-0.5487		
	403.0000		-0.5513		
	404.0000		-0.5494		
	405.0000		-0.5564		
	406.0000		-0.5604		
	407.0000		-0.5530		
	408.0000		-0.5512		
	409.0000		-0.5518		
	410.0000		-0.5494		
	411.0000		-0.5474		
	412.0000		-0.5454		
	413.0000		-0.5437		
	414.0000		-0.5382		
	415.0000		-0.5350		
	416.0000		-0.5377		
	417.0000		-0.5368		
	418.0000		-0.5378		
	419.0000		-0.5371		
	420.0000		-0.5398		
	421.0000		-0.5394		
	422.0000		-0.5446		
	423.0000		-0.5429		
	424.0000		-0.5417		
	425.0000		-0.5372		
	426.0000		-0.5356		
	427.0000		-0.5378		
	428.0000		-0.5440		
	429.0000		-0.5370		
	430.0000		-0.5354		
	431.0000		-0.5321		
	432.0000		-0.5352		
	433.0000		-0.5332		
	434.0000		-0.5328		
	435.0000		-0.5395		
	436.0000		-0.5431		
	437.0000		-0.5487		
	438.0000		-0.5524		
	439.0000		-0.5513		
	440.0000		-0.5497		
	441.0000		-0.5516		
	442.0000		-0.5522		
	443.0000		-0.5506		
	444.0000		-0.5514		
	445.0000		-0.5567		
	446.0000		-0.5622		
	447.0000		-0.5601		
	448.0000		-0.5629		
	449.0000		-0.5612		
	450.0000		-0.5585		
	451.0000		-0.5547		
	452.0000		-0.5505		
	453.0000		-0.5526		
	454.0000		-0.5535		
	455.0000		-0.5559		
	456.0000		-0.5526		
	457.0000		-0.5476		
	458.0000		-0.5390		
	459.0000		-0.5347		
	460.0000		-0.5379		
	461.0000		-0.5377		
	462.0000		-0.5324		
	463.0000		-0.5299		
	464.0000		-0.5295		
	465.0000		-0.5286		
	466.0000		-0.5293		
	467.0000		-0.5270		
	468.0000		-0.5237		
	469.0000		-0.5228		
	470.0000		-0.5186		
	471.0000		-0.5220		
	472.0000		-0.5222		
	473.0000		-0.5220		
	474.0000		-0.5218		
	475.0000		-0.5204		
	476.0000		-0.5241		
	477.0000		-0.5275		
	478.0000		-0.5364		
	479.0000		-0.5380		
	480.0000		-0.5298		
	481.0000		-0.5299		
	482.0000		-0.5298		
	483.0000		-0.5312		
	484.0000		-0.5368		
	485.0000		-0.5390		
	486.0000		-0.5375		
	487.0000		-0.5321		
	488.0000		-0.5265		
	489.0000		-0.5172		
	490.0000		-0.5174		
	491.0000		-0.5176		
	492.0000		-0.5182		
	493.0000		-0.5200		
	494.0000		-0.5184		
	495.0000		-0.5167		
	496.0000		-0.5158		
	497.0000		-0.5212		
	498.0000		-0.5269		
	499.0000		-0.5310		
	500.0000		-0.5271		
	501.0000		-0.5256		
	502.0000		-0.5256		
	503.0000		-0.5216		
	504.0000		-0.5212		
	505.0000		-0.5272		
	506.0000		-0.5291		
	507.0000		-0.5300		
	508.0000		-0.5367		
	509.0000		-0.5485		
	510.0000		-0.5460		
	511.0000		-0.5478		
	512.0000		-0.5436		
	513.0000		-0.5358		
	514.0000		-0.5339		
	515.0000		-0.5405		
	516.0000		-0.5467		
	517.0000		-0.5426		
	518.0000		-0.5398		
	519.0000		-0.5388		
	520.0000		-0.5438		
	521.0000		-0.5401		
	522.0000		-0.5383		
	523.0000		-0.5331		
	524.0000		-0.5257		
	525.0000		-0.5185		
	526.0000		-0.5166		
	527.0000		-0.5192		
	528.0000		-0.5174		
	529.0000		-0.5197		
	530.0000		-0.5194		
	531.0000		-0.5171		
	532.0000		-0.5181		
	533.0000		-0.5204		
	534.0000		-0.5179		
	535.0000		-0.5125		
	536.0000		-0.5122		
	537.0000		-0.5078		
	538.0000		-0.5053		
	539.0000		-0.5023		
	540.0000		-0.5024		
	541.0000		-0.5022		
	542.0000		-0.5050		
	543.0000		-0.5101		
	544.0000		-0.5169		
	545.0000		-0.5199		
	546.0000		-0.5194		
	547.0000		-0.5208		
	548.0000		-0.5258		
	549.0000		-0.5278		
	550.0000		-0.5303		
	551.0000		-0.5354		
	552.0000		-0.5307		
	553.0000		-0.5315		
	554.0000		-0.5364		
	555.0000		-0.5358		
	556.0000		-0.5407		
	557.0000		-0.5375		
	558.0000		-0.5264		
	559.0000		-0.5157		
	560.0000		-0.5081		
	561.0000		-0.5102		
	562.0000		-0.5058		
	563.0000		-0.5025		
	564.0000		-0.5056		
	565.0000		-0.5070		
	566.0000		-0.5030		
	567.0000		-0.4987		
	568.0000		-0.4979		
	569.0000		-0.4982		
	570.0000		-0.5007		
	571.0000		-0.5057		
	572.0000		-0.5063		
	573.0000		-0.5064		
	574.0000		-0.5072		
	575.0000		-0.5078		
	576.0000		-0.5177		
	577.0000		-0.5310		
	578.0000		-0.5465		
	579.0000		-0.5577		
	580.0000		-0.5624		
	581.0000		-0.5656		
	582.0000		-0.5677		
	583.0000		-0.5728		
	584.0000		-0.5735		
	585.0000		-0.5756		
	586.0000		-0.5828		
	587.0000		-0.5849		
	588.0000		-0.5856		
	589.0000		-0.5905		
	590.0000		-0.5980		
	591.0000		-0.6038		
	592.0000		-0.6049		
	593.0000		-0.5995		
	594.0000		-0.5982		
	595.0000		-0.6000		
	596.0000		-0.6051		
	597.0000		-0.6090		
	598.0000		-0.6115		
	599.0000		-0.5996		
	600.0000		-0.5955		
	601.0000		-0.6028		
	602.0000		-0.6078		
	603.0000		-0.6096		
	604.0000		-0.6079		
	605.0000		-0.6150		
	606.0000		-0.6143		
	607.0000		-0.6157		
	608.0000		-0.6145		
	609.0000		-0.6138		
	610.0000		-0.6174		
	611.0000		-0.6156		
	612.0000		-0.6120		
	613.0000		-0.6087		
	614.0000		-0.6088		
	615.0000		-0.6077		
	616.0000		-0.6102		
	617.0000		-0.6050		
	618.0000		-0.6023		
	619.0000		-0.6085		
	620.0000		-0.6162		
	621.0000		-0.6126		
	622.0000		-0.6091		
	623.0000		-0.6138		
	624.0000		-0.6099		
	625.0000		-0.6101		
	626.0000		-0.6060		
	627.0000		-0.6000		
	628.0000		-0.6010		
	629.0000		-0.6006		
	630.0000		-0.6027		
	631.0000		-0.6047		
	632.0000		-0.6035		
	633.0000		-0.6044		
	634.0000		-0.6060		
	635.0000		-0.6082		
	636.0000		-0.6097		
	637.0000		-0.6112		
	638.0000		-0.6177		
	639.0000		-0.6205		
	640.0000		-0.6223		
	641.0000		-0.6315		
	642.0000		-0.6440		
	643.0000		-0.6477		
	644.0000		-0.6546		
	645.0000		-0.6583		
	646.0000		-0.6640		
	647.0000		-0.6680		
	648.0000		-0.6675		
	649.0000		-0.6630		
	650.0000		-0.6620		
	651.0000		-0.6610		
	652.0000		-0.6645		
	653.0000		-0.6664		
	654.0000		-0.6655		
	655.0000		-0.6651		
	656.0000		-0.6575		
	657.0000		-0.6565		
	658.0000		-0.6592		
	659.0000		-0.6584		
	660.0000		-0.6538		
	661.0000		-0.6473		
	662.0000		-0.6440		
	663.0000		-0.6354		
	664.0000		-0.6295		
	665.0000		-0.6212		
	666.0000		-0.6125		
	667.0000		-0.6072		
	668.0000		-0.6010		
	669.0000		-0.5880		
	670.0000		-0.5745		
	671.0000		-0.5609		
	672.0000		-0.5533		
	673.0000		-0.5480		
	674.0000		-0.5392		
	675.0000		-0.5286		
	676.0000		-0.5233		
	677.0000		-0.5209		
	678.0000		-0.5177		
	679.0000		-0.5182		
	680.0000		-0.5185		
	681.0000		-0.5169		
	682.0000		-0.5102		
	683.0000		-0.5049		
	684.0000		-0.5043		
	685.0000		-0.5032		
	686.0000		-0.5037		
	687.0000		-0.5019		
	688.0000		-0.5043		
	689.0000		-0.5131		
	690.0000		-0.5123		
	691.0000		-0.5167		
	692.0000		-0.5243		
	693.0000		-0.5238		
	694.0000		-0.5299		
	695.0000		-0.5365		
	696.0000		-0.5464		
	697.0000		-0.5575		
	698.0000		-0.5698		
	699.0000		-0.5812		
	700.0000		-0.5814		
	701.0000		-0.5897		
	702.0000		-0.5990		
	703.0000		-0.6058		
	704.0000		-0.6114		
	705.0000		-0.6142		
	706.0000		-0.6126		
	707.0000		-0.6094		
	708.0000		-0.6207		
	709.0000		-0.6260		
	710.0000		-0.6347		
	711.0000		-0.6408		
	712.0000		-0.6437		
	713.0000		-0.6426		
	714.0000		-0.6439		
	715.0000		-0.6483		
	716.0000		-0.6488		
	717.0000		-0.6407		
	718.0000		-0.6382		
	719.0000		-0.6372		
	720.0000		-0.6432		
	721.0000		-0.6438		
	722.0000		-0.6405		
	723.0000		-0.6366		
	724.0000		-0.6347		
	725.0000		-0.6328		
	726.0000		-0.6310		
	727.0000		-0.6294		
	728.0000		-0.6278		
	729.0000		-0.6168		
	730.0000		-0.6100		
	731.0000		-0.6029		
	732.0000		-0.6005		
	733.0000		-0.5925		
	734.0000		-0.5855		
	735.0000		-0.5820		
	736.0000		-0.5802		
	737.0000		-0.5734		
	738.0000		-0.5686		
	739.0000		-0.5597		
	740.0000		-0.5571		
	741.0000		-0.5526		
	742.0000		-0.5477		
	743.0000		-0.5383		
	744.0000		-0.5302		
	745.0000		-0.5253		
	746.0000		-0.5208		
	747.0000		-0.5164		
	748.0000		-0.5053		
	749.0000		-0.5054		
	750.0000		-0.5056		
	751.0000		-0.4996		
	752.0000		-0.5042		
	753.0000		-0.5051		
	754.0000		-0.5003		
	755.0000		-0.4996		
	756.0000		-0.5000		
	757.0000		-0.5046		
	758.0000		-0.5045		
	759.0000		-0.5007		
	760.0000		-0.4961		
	761.0000		-0.4909		
	762.0000		-0.4891		
	763.0000		-0.4950		
	764.0000		-0.4932		
	765.0000		-0.4939		
	766.0000		-0.4960		
	767.0000		-0.4996		
	768.0000		-0.4999		
	769.0000		-0.4986		
	770.0000		-0.5017		
	771.0000		-0.5043		
	772.0000		-0.5007		
	773.0000		-0.5016		
	774.0000		-0.5056		
	775.0000		-0.5059		
	776.0000		-0.5030		
	777.0000		-0.4954		
	778.0000		-0.4929		
	779.0000		-0.4912		
	780.0000		-0.4910		
	781.0000		-0.4873		
	782.0000		-0.4876		
	783.0000		-0.4928		
	784.0000		-0.4878		
	785.0000		-0.4914		
	786.0000		-0.4887		
	787.0000		-0.4923		
	788.0000		-0.4950		
	789.0000		-0.4870		
	790.0000		-0.4779		
	791.0000		-0.4809		
	792.0000		-0.4792		
	793.0000		-0.4707		
	794.0000		-0.4627		
	795.0000		-0.4657		
	796.0000		-0.4689		
	797.0000		-0.4712		
	798.0000		-0.4735		
	799.0000		-0.4735		
	800.0000		-0.4756		
	801.0000		-0.4815		
	802.0000		-0.4806		
	803.0000		-0.4777		
	804.0000		-0.4779		
	805.0000		-0.4772		
	806.0000		-0.4808		
	807.0000		-0.4769		
	808.0000		-0.4764		
	809.0000		-0.4813		
	810.0000		-0.4830		
	811.0000		-0.4808		
	812.0000		-0.4805		
	813.0000		-0.4761		
	814.0000		-0.4762		
	815.0000		-0.4780		
	816.0000		-0.4810		
	817.0000		-0.4839		
	818.0000		-0.4800		
	819.0000		-0.4728		
	820.0000		-0.4674		
	821.0000		-0.4616		
	822.0000		-0.4600		
	823.0000		-0.4620		
	824.0000		-0.4614		
	825.0000		-0.4585		
	826.0000		-0.4605		
	827.0000		-0.4590		
	828.0000		-0.4596		
	829.0000		-0.4595		
	830.0000		-0.4549		
	831.0000		-0.4609		
	832.0000		-0.4551		
	833.0000		-0.4517		
	834.0000		-0.4492		
	835.0000		-0.4493		
	836.0000		-0.4524		
	837.0000		-0.4485		
	838.0000		-0.4522		
	839.0000		-0.4503		
	840.0000		-0.4501		
	841.0000		-0.4458		
	842.0000		-0.4453		
	843.0000		-0.4439		
	844.0000		-0.4413		
	845.0000		-0.4407		
	846.0000		-0.4388		
	847.0000		-0.4460		
	848.0000		-0.4479		
	849.0000		-0.4458		
	850.0000		-0.4510		
	851.0000		-0.4519		
	852.0000		-0.4499		
	853.0000		-0.4456		
	854.0000		-0.4437		
	855.0000		-0.4447		
	856.0000		-0.4477		
	857.0000		-0.4447		
	858.0000		-0.4407		
	859.0000		-0.4353		
	860.0000		-0.4365		
	861.0000		-0.4410		
	862.0000		-0.4440		
	863.0000		-0.4492		
	864.0000		-0.4559		
	865.0000		-0.4541		
	866.0000		-0.4505		
	867.0000		-0.4575		
	868.0000		-0.4597		
	869.0000		-0.4573		
	870.0000		-0.4532		
	871.0000		-0.4494		
	872.0000		-0.4491		
	873.0000		-0.4515		
	874.0000		-0.4439		
	875.0000		-0.4420		
	876.0000		-0.4427		
	877.0000		-0.4456		
	878.0000		-0.4437		
	879.0000		-0.4412		
	880.0000		-0.4413		
	881.0000		-0.4430		
	882.0000		-0.4479		
	883.0000		-0.4486		
	884.0000		-0.4520		
	885.0000		-0.4549		
	886.0000		-0.4561		
	887.0000		-0.4572		
	888.0000		-0.4634		
	889.0000		-0.4617		
	890.0000		-0.4635		
	891.0000		-0.4685		
	892.0000		-0.4723		
	893.0000		-0.4711		
	894.0000		-0.4701		
	895.0000		-0.4719		
	896.0000		-0.4738		
	897.0000		-0.4736		
	898.0000		-0.4762		
	899.0000		-0.4766		
	900.0000		-0.4743		
	901.0000		-0.4747		
	902.0000		-0.4744		
	903.0000		-0.4707		
	904.0000		-0.4665		
	905.0000		-0.4647		
	906.0000		-0.4677		
	907.0000		-0.4685		
	908.0000		-0.4714		
	909.0000		-0.4755		
	910.0000		-0.4798		
	911.0000		-0.4860		
	912.0000		-0.4804		
	913.0000		-0.4776		
	914.0000		-0.4755		
	915.0000		-0.4761		
	916.0000		-0.4794		
	917.0000		-0.4774		
	918.0000		-0.4760		
	919.0000		-0.4741		
	920.0000		-0.4742		
	921.0000		-0.4798		
	922.0000		-0.4862		
	923.0000		-0.4784		
	924.0000		-0.4721		
	925.0000		-0.4683		
	926.0000		-0.4698		
	927.0000		-0.4749		
	928.0000		-0.4731		
	929.0000		-0.4690		
	930.0000		-0.4724		
	931.0000		-0.4738		
	932.0000		-0.4676		
	933.0000		-0.4682		
	934.0000		-0.4674		
	935.0000		-0.4659		
	936.0000		-0.4721		
	937.0000		-0.4771		
	938.0000		-0.4743		
	939.0000		-0.4723		
	940.0000		-0.4731		
	941.0000		-0.4764		
	942.0000		-0.4760		
	943.0000		-0.4771		
	944.0000		-0.4757		
	945.0000		-0.4721		
	946.0000		-0.4698		
	947.0000		-0.4706		
	948.0000		-0.4741		
	949.0000		-0.4711		
	950.0000		-0.4645		
	951.0000		-0.4610		
	952.0000		-0.4624		
	953.0000		-0.4616		
	954.0000		-0.4655		
	955.0000		-0.4723		
	956.0000		-0.4729		
	957.0000		-0.4669		
	958.0000		-0.4663		
	959.0000		-0.4644		
	960.0000		-0.4692		
	961.0000		-0.4730		
	962.0000		-0.4724		
	963.0000		-0.4757		
	964.0000		-0.4706		
	965.0000		-0.4758		
	966.0000		-0.4774		
	967.0000		-0.4805		
	968.0000		-0.4762		
	969.0000		-0.4685		
	970.0000		-0.4654		
	971.0000		-0.4688		
	972.0000		-0.4734		
	973.0000		-0.4728		
	974.0000		-0.4771		
	975.0000		-0.4776		
	976.0000		-0.4830		
	977.0000		-0.4876		
	978.0000		-0.4842		
	979.0000		-0.4826		
	980.0000		-0.4853		
	981.0000		-0.4867		
	982.0000		-0.4838		
	983.0000		-0.4812		
	984.0000		-0.4796		
	985.0000		-0.4791		
	986.0000		-0.4762		
	987.0000		-0.4766		
	988.0000		-0.4762		
	989.0000		-0.4761		
	990.0000		-0.4704		
	991.0000		-0.4724		
	992.0000		-0.4664		
	993.0000		-0.4641		
	994.0000		-0.4694		
	995.0000		-0.4686		
	996.0000		-0.4656		
	997.0000		-0.4631		
	998.0000		-0.4658		
	999.0000		-0.4664		
	1000.0000		-0.4641		
	1001.0000		-0.4635		
	1002.0000		-0.4680		
	1003.0000		-0.4738		
	1004.0000		-0.4725		
	1005.0000		-0.4728		
	1006.0000		-0.4694		
	1007.0000		-0.4661		
	1008.0000		-0.4697		
	1009.0000		-0.4660		
	1010.0000		-0.4643		
	1011.0000		-0.4699		
	1012.0000		-0.4713		
	1013.0000		-0.4698		
	1014.0000		-0.4649		
	1015.0000		-0.4624		
	1016.0000		-0.4676		
	1017.0000		-0.4720		
	1018.0000		-0.4761		
	1019.0000		-0.4709		
	1020.0000		-0.4719		
	1021.0000		-0.4741		
	1022.0000		-0.4695		
	1023.0000		-0.4673		
	1024.0000		-0.4728		
	1025.0000		-0.4758		
	1026.0000		-0.4793		
	1027.0000		-0.4804		
	1028.0000		-0.4787		
	1029.0000		-0.4750		
	1030.0000		-0.4710		
	1031.0000		-0.4708		
	1032.0000		-0.4677		
	1033.0000		-0.4710		
	1034.0000		-0.4712		
	1035.0000		-0.4699		
	1036.0000		-0.4662		
	1037.0000		-0.4656		
	1038.0000		-0.4642		
	1039.0000		-0.4596		
	1040.0000		-0.4546		
	1041.0000		-0.4549		
	1042.0000		-0.4612		
	1043.0000		-0.4658		
	1044.0000		-0.4626		
	1045.0000		-0.4613		
	1046.0000		-0.4650		
	1047.0000		-0.4745		
	1048.0000		-0.4787		
	1049.0000		-0.4884		
	1050.0000		-0.5000		
	1051.0000		-0.5112		
	1052.0000		-0.5183		
	1053.0000		-0.5283		
	1054.0000		-0.5384		
	1055.0000		-0.5538		
	1056.0000		-0.5649		
	1057.0000		-0.5761		
	1058.0000		-0.5852		
	1059.0000		-0.5942		
	1060.0000		-0.6030		
	1061.0000		-0.6088		
	1062.0000		-0.6171		
	1063.0000		-0.6239		
	1064.0000		-0.6270		
	1065.0000		-0.6232		
	1066.0000		-0.6140		
	1067.0000		-0.6083		
	1068.0000		-0.6028		
	1069.0000		-0.5959		
	1070.0000		-0.5876		
	1071.0000		-0.5822		
	1072.0000		-0.5806		
	1073.0000		-0.5719		
	1074.0000		-0.5581		
	1075.0000		-0.5502		
	1076.0000		-0.5527		
	1077.0000		-0.5448		
	1078.0000		-0.5381		
	1079.0000		-0.5313		
	1080.0000		-0.5240		
	1081.0000		-0.5232		
	1082.0000		-0.5209		
	1083.0000		-0.5188		
	1084.0000		-0.5156		
	1085.0000		-0.5093		
	1086.0000		-0.5065		
	1087.0000		-0.5073		
	1088.0000		-0.5049		
	1089.0000		-0.4995		
	1090.0000		-0.4953		
	1091.0000		-0.4895		
	1092.0000		-0.4824		
	1093.0000		-0.4841		
	1094.0000		-0.4812		
	1095.0000		-0.4829		
	1096.0000		-0.4830		
	1097.0000		-0.4839		
	1098.0000		-0.4802		
	1099.0000		-0.4804		
	1100.0000		-0.4782		
	1101.0000		-0.4772		
	1102.0000		-0.4773		
	1103.0000		-0.4757		
	1104.0000		-0.4712		
	1105.0000		-0.4724		
	1106.0000		-0.4668		
	1107.0000		-0.4630		
	1108.0000		-0.4629		
	1109.0000		-0.4626		
	1110.0000		-0.4643		
	1111.0000		-0.4652		
	1112.0000		-0.4619		
	1113.0000		-0.4582		
	1114.0000		-0.4621		
	1115.0000		-0.4633		
	1116.0000		-0.4664		
	1117.0000		-0.4595		
	1118.0000		-0.4547		
	1119.0000		-0.4561		
	1120.0000		-0.4610		
	1121.0000		-0.4595		
	1122.0000		-0.4587		
	1123.0000		-0.4566		
	1124.0000		-0.4559		
	1125.0000		-0.4518		
	1126.0000		-0.4543		
	1127.0000		-0.4505		
	1128.0000		-0.4497		
	1129.0000		-0.4585		
	1130.0000		-0.4658		
	1131.0000		-0.4615		
	1132.0000		-0.4621		
	1133.0000		-0.4634		
	1134.0000		-0.4655		
	1135.0000		-0.4661		
	1136.0000		-0.4647		
	1137.0000		-0.4605		
	1138.0000		-0.4613		
	1139.0000		-0.4609		
	1140.0000		-0.4612		
	1141.0000		-0.4537		
	1142.0000		-0.4512		
	1143.0000		-0.4487		
	1144.0000		-0.4573		
	1145.0000		-0.4546		
	1146.0000		-0.4577		
	1147.0000		-0.4614		
	1148.0000		-0.4659		
	1149.0000		-0.4651		
	1150.0000		-0.4688		
	1151.0000		-0.4680		
	1152.0000		-0.4650		
	1153.0000		-0.4592		
	1154.0000		-0.4560		
	1155.0000		-0.4560		
	1156.0000		-0.4549		
	1157.0000		-0.4566		
	1158.0000		-0.4599		
	1159.0000		-0.4570		
	1160.0000		-0.4588		
	1161.0000		-0.4588		
	1162.0000		-0.4559		
	1163.0000		-0.4500		
	1164.0000		-0.4447		
	1165.0000		-0.4540		
	1166.0000		-0.4628		
	1167.0000		-0.4666		
	1168.0000		-0.4689		
	1169.0000		-0.4725		
	1170.0000		-0.4667		
	1171.0000		-0.4678		
	1172.0000		-0.4685		
	1173.0000		-0.4678		
	1174.0000		-0.4664		
	1175.0000		-0.4646		
	1176.0000		-0.4710		
	1177.0000		-0.4710		
	1178.0000		-0.4725		
	1179.0000		-0.4726		
	1180.0000		-0.4743		
	1181.0000		-0.4652		
	1182.0000		-0.4626		
	1183.0000		-0.4616		
	1184.0000		-0.4586		
	1185.0000		-0.4570		
	1186.0000		-0.4610		
	1187.0000		-0.4644		
	1188.0000		-0.4668		
	1189.0000		-0.4664		
	1190.0000		-0.4668		
	1191.0000		-0.4618		
	1192.0000		-0.4619		
	1193.0000		-0.4616		
	1194.0000		-0.4604		
	1195.0000		-0.4651		
	1196.0000		-0.4630		
	1197.0000		-0.4599		
	1198.0000		-0.4617		
	1199.0000		-0.4599		
END
