IGOR
X| Tue Jul 04 21:23:27 2017
X|   0.000000000000 0 X|
X|   0.000000000000 0 X|
X|   0.000000000000 0 X|
X|   0.000000000000 0 X|
X| data_type 	 num_points 	 num_chans 	 shots_per_read 	 reads_per_point 	 num_sweeps
X|      0   			  900   		     1    		   30  		    10     			   1
WAVES	  XDATA  Z1DATA	 
BEGIN
	0.0000		-0.2550		
	1.0000		-0.2521		
	2.0000		-0.2442		
	3.0000		-0.2406		
	4.0000		-0.2376		
	5.0000		-0.2362		
	6.0000		-0.2304		
	7.0000		-0.2256		
	8.0000		-0.2235		
	9.0000		-0.2235		
	10.0000		-0.2208		
	11.0000		-0.2216		
	12.0000		-0.2238		
	13.0000		-0.2178		
	14.0000		-0.1691		
	15.0000		-0.1560		
	16.0000		-0.1693		
	17.0000		-0.1822		
	18.0000		-0.1949		
	19.0000		-0.2050		
	20.0000		-0.2123		
	21.0000		-0.2189		
	22.0000		-0.2234		
	23.0000		-0.2273		
	24.0000		-0.2305		
	25.0000		-0.2341		
	26.0000		-0.2347		
	27.0000		-0.2350		
	28.0000		-0.2366		
	29.0000		-0.2373		
	30.0000		-0.2400		
	31.0000		-0.2402		
	32.0000		-0.2400		
	33.0000		-0.2418		
	34.0000		-0.2423		
	35.0000		-0.2432		
	36.0000		-0.2404		
	37.0000		-0.2402		
	38.0000		-0.2369		
	39.0000		-0.2347		
	40.0000		-0.2350		
	41.0000		-0.2350		
	42.0000		-0.2354		
	43.0000		-0.2347		
	44.0000		-0.2326		
	45.0000		-0.2310		
	46.0000		-0.2329		
	47.0000		-0.2347		
	48.0000		-0.2349		
	49.0000		-0.2347		
	50.0000		-0.2332		
	51.0000		-0.2335		
	52.0000		-0.2360		
	53.0000		-0.2354		
	54.0000		-0.2354		
	55.0000		-0.2366		
	56.0000		-0.2358		
	57.0000		-0.2346		
	58.0000		-0.2341		
	59.0000		-0.2362		
	60.0000		-0.2368		
	61.0000		-0.2370		
	62.0000		-0.2376		
	63.0000		-0.2368		
	64.0000		-0.2350		
	65.0000		-0.2362		
	66.0000		-0.2364		
	67.0000		-0.2364		
	68.0000		-0.2366		
	69.0000		-0.2364		
	70.0000		-0.2358		
	71.0000		-0.2349		
	72.0000		-0.2360		
	73.0000		-0.2356		
	74.0000		-0.2338		
	75.0000		-0.2349		
	76.0000		-0.2354		
	77.0000		-0.2360		
	78.0000		-0.2374		
	79.0000		-0.2376		
	80.0000		-0.2362		
	81.0000		-0.2352		
	82.0000		-0.2328		
	83.0000		-0.2268		
	84.0000		-0.2273		
	85.0000		-0.2282		
	86.0000		-0.2270		
	87.0000		-0.2279		
	88.0000		-0.2291		
	89.0000		-0.2301		
	90.0000		-0.2308		
	91.0000		-0.2299		
	92.0000		-0.2324		
	93.0000		-0.2332		
	94.0000		-0.2312		
	95.0000		-0.2294		
	96.0000		-0.2297		
	97.0000		-0.2300		
	98.0000		-0.2302		
	99.0000		-0.2300		
	100.0000		-0.2306		
	101.0000		-0.2318		
	102.0000		-0.2316		
	103.0000		-0.2321		
	104.0000		-0.2332		
	105.0000		-0.2329		
	106.0000		-0.2303		
	107.0000		-0.2273		
	108.0000		-0.2303		
	109.0000		-0.2314		
	110.0000		-0.2308		
	111.0000		-0.2314		
	112.0000		-0.2323		
	113.0000		-0.2335		
	114.0000		-0.2326		
	115.0000		-0.2326		
	116.0000		-0.2323		
	117.0000		-0.2320		
	118.0000		-0.2323		
	119.0000		-0.2307		
	120.0000		-0.2276		
	121.0000		-0.2282		
	122.0000		-0.2306		
	123.0000		-0.2300		
	124.0000		-0.2273		
	125.0000		-0.2297		
	126.0000		-0.2300		
	127.0000		-0.2300		
	128.0000		-0.2310		
	129.0000		-0.2320		
	130.0000		-0.2302		
	131.0000		-0.2308		
	132.0000		-0.2326		
	133.0000		-0.2344		
	134.0000		-0.2323		
	135.0000		-0.2316		
	136.0000		-0.2310		
	137.0000		-0.2294		
	138.0000		-0.2308		
	139.0000		-0.2318		
	140.0000		-0.2314		
	141.0000		-0.2312		
	142.0000		-0.2316		
	143.0000		-0.2312		
	144.0000		-0.2320		
	145.0000		-0.2318		
	146.0000		-0.2285		
	147.0000		-0.2256		
	148.0000		-0.2232		
	149.0000		-0.2216		
	150.0000		-0.2200		
	151.0000		-0.2200		
	152.0000		-0.2194		
	153.0000		-0.2212		
	154.0000		-0.2214		
	155.0000		-0.2206		
	156.0000		-0.2220		
	157.0000		-0.2216		
	158.0000		-0.2226		
	159.0000		-0.2247		
	160.0000		-0.2216		
	161.0000		-0.2204		
	162.0000		-0.2226		
	163.0000		-0.2250		
	164.0000		-0.2250		
	165.0000		-0.2260		
	166.0000		-0.2251		
	167.0000		-0.2250		
	168.0000		-0.2226		
	169.0000		-0.2241		
	170.0000		-0.2258		
	171.0000		-0.2240		
	172.0000		-0.2212		
	173.0000		-0.2194		
	174.0000		-0.2166		
	175.0000		-0.2164		
	176.0000		-0.2154		
	177.0000		-0.2150		
	178.0000		-0.2152		
	179.0000		-0.2172		
	180.0000		-0.2171		
	181.0000		-0.2151		
	182.0000		-0.2154		
	183.0000		-0.2170		
	184.0000		-0.2156		
	185.0000		-0.2150		
	186.0000		-0.2160		
	187.0000		-0.2144		
	188.0000		-0.2144		
	189.0000		-0.2120		
	190.0000		-0.2120		
	191.0000		-0.2110		
	192.0000		-0.2127		
	193.0000		-0.2152		
	194.0000		-0.2143		
	195.0000		-0.2138		
	196.0000		-0.2147		
	197.0000		-0.2150		
	198.0000		-0.2160		
	199.0000		-0.2154		
	200.0000		-0.2168		
	201.0000		-0.2156		
	202.0000		-0.2160		
	203.0000		-0.2164		
	204.0000		-0.2166		
	205.0000		-0.2173		
	206.0000		-0.2188		
	207.0000		-0.2179		
	208.0000		-0.2162		
	209.0000		-0.2162		
	210.0000		-0.2170		
	211.0000		-0.2182		
	212.0000		-0.2179		
	213.0000		-0.1969		
	214.0000		-0.1658		
	215.0000		-0.1774		
	216.0000		-0.1883		
	217.0000		-0.1987		
	218.0000		-0.2065		
	219.0000		-0.2125		
	220.0000		-0.2171		
	221.0000		-0.2202		
	222.0000		-0.2188		
	223.0000		-0.2178		
	224.0000		-0.2124		
	225.0000		-0.2102		
	226.0000		-0.2132		
	227.0000		-0.2158		
	228.0000		-0.2152		
	229.0000		-0.2170		
	230.0000		-0.2185		
	231.0000		-0.2194		
	232.0000		-0.2200		
	233.0000		-0.2188		
	234.0000		-0.2197		
	235.0000		-0.2173		
	236.0000		-0.2174		
	237.0000		-0.2170		
	238.0000		-0.2158		
	239.0000		-0.2170		
	240.0000		-0.2197		
	241.0000		-0.2197		
	242.0000		-0.2194		
	243.0000		-0.2185		
	244.0000		-0.2153		
	245.0000		-0.2129		
	246.0000		-0.2123		
	247.0000		-0.2120		
	248.0000		-0.2120		
	249.0000		-0.2120		
	250.0000		-0.2154		
	251.0000		-0.2164		
	252.0000		-0.2176		
	253.0000		-0.2182		
	254.0000		-0.2166		
	255.0000		-0.2164		
	256.0000		-0.2170		
	257.0000		-0.2179		
	258.0000		-0.2197		
	259.0000		-0.2194		
	260.0000		-0.2200		
	261.0000		-0.2191		
	262.0000		-0.2179		
	263.0000		-0.2191		
	264.0000		-0.2179		
	265.0000		-0.2179		
	266.0000		-0.2197		
	267.0000		-0.2202		
	268.0000		-0.2223		
	269.0000		-0.2250		
	270.0000		-0.2244		
	271.0000		-0.2241		
	272.0000		-0.2226		
	273.0000		-0.2235		
	274.0000		-0.2220		
	275.0000		-0.2220		
	276.0000		-0.2220		
	277.0000		-0.2235		
	278.0000		-0.2232		
	279.0000		-0.2235		
	280.0000		-0.2223		
	281.0000		-0.2220		
	282.0000		-0.2216		
	283.0000		-0.2200		
	284.0000		-0.2200		
	285.0000		-0.2185		
	286.0000		-0.2176		
	287.0000		-0.2185		
	288.0000		-0.2179		
	289.0000		-0.2182		
	290.0000		-0.2194		
	291.0000		-0.2197		
	292.0000		-0.2197		
	293.0000		-0.2194		
	294.0000		-0.2212		
	295.0000		-0.2218		
	296.0000		-0.2220		
	297.0000		-0.2206		
	298.0000		-0.2214		
	299.0000		-0.2214		
	300.0000		-0.2216		
	301.0000		-0.2220		
	302.0000		-0.2220		
	303.0000		-0.2206		
	304.0000		-0.2173		
	305.0000		-0.2185		
	306.0000		-0.2200		
	307.0000		-0.2191		
	308.0000		-0.2170		
	309.0000		-0.2158		
	310.0000		-0.2170		
	311.0000		-0.2191		
	312.0000		-0.2197		
	313.0000		-0.2197		
	314.0000		-0.2200		
	315.0000		-0.2188		
	316.0000		-0.2179		
	317.0000		-0.2200		
	318.0000		-0.2202		
	319.0000		-0.2185		
	320.0000		-0.2176		
	321.0000		-0.2185		
	322.0000		-0.2170		
	323.0000		-0.2179		
	324.0000		-0.2194		
	325.0000		-0.2200		
	326.0000		-0.2200		
	327.0000		-0.2179		
	328.0000		-0.2200		
	329.0000		-0.2200		
	330.0000		-0.2214		
	331.0000		-0.2218		
	332.0000		-0.2220		
	333.0000		-0.2220		
	334.0000		-0.2223		
	335.0000		-0.2223		
	336.0000		-0.2250		
	337.0000		-0.2250		
	338.0000		-0.2220		
	339.0000		-0.2229		
	340.0000		-0.2220		
	341.0000		-0.2244		
	342.0000		-0.2226		
	343.0000		-0.2218		
	344.0000		-0.2238		
	345.0000		-0.2244		
	346.0000		-0.2223		
	347.0000		-0.2206		
	348.0000		-0.2172		
	349.0000		-0.2168		
	350.0000		-0.2182		
	351.0000		-0.2202		
	352.0000		-0.2200		
	353.0000		-0.2200		
	354.0000		-0.2200		
	355.0000		-0.2200		
	356.0000		-0.2191		
	357.0000		-0.2204		
	358.0000		-0.2200		
	359.0000		-0.2200		
	360.0000		-0.2173		
	361.0000		-0.2158		
	362.0000		-0.2152		
	363.0000		-0.2170		
	364.0000		-0.2176		
	365.0000		-0.2210		
	366.0000		-0.2230		
	367.0000		-0.2220		
	368.0000		-0.2220		
	369.0000		-0.2202		
	370.0000		-0.2200		
	371.0000		-0.2188		
	372.0000		-0.2170		
	373.0000		-0.2168		
	374.0000		-0.2171		
	375.0000		-0.2188		
	376.0000		-0.2185		
	377.0000		-0.2195		
	378.0000		-0.2200		
	379.0000		-0.2179		
	380.0000		-0.2170		
	381.0000		-0.2184		
	382.0000		-0.2220		
	383.0000		-0.2220		
	384.0000		-0.2235		
	385.0000		-0.2229		
	386.0000		-0.2220		
	387.0000		-0.2210		
	388.0000		-0.2220		
	389.0000		-0.2220		
	390.0000		-0.2235		
	391.0000		-0.2241		
	392.0000		-0.2220		
	393.0000		-0.2218		
	394.0000		-0.2218		
	395.0000		-0.2220		
	396.0000		-0.2210		
	397.0000		-0.2204		
	398.0000		-0.2220		
	399.0000		-0.2220		
	400.0000		-0.2226		
	401.0000		-0.2244		
	402.0000		-0.2241		
	403.0000		-0.2235		
	404.0000		-0.2218		
	405.0000		-0.2206		
	406.0000		-0.2229		
	407.0000		-0.2220		
	408.0000		-0.2220		
	409.0000		-0.2220		
	410.0000		-0.2235		
	411.0000		-0.2232		
	412.0000		-0.2235		
	413.0000		-0.2215		
	414.0000		-0.2201		
	415.0000		-0.2176		
	416.0000		-0.2156		
	417.0000		-0.2162		
	418.0000		-0.2139		
	419.0000		-0.2144		
	420.0000		-0.2156		
	421.0000		-0.2141		
	422.0000		-0.2132		
	423.0000		-0.2129		
	424.0000		-0.2141		
	425.0000		-0.2138		
	426.0000		-0.2147		
	427.0000		-0.2147		
	428.0000		-0.2150		
	429.0000		-0.2150		
	430.0000		-0.2144		
	431.0000		-0.2123		
	432.0000		-0.2132		
	433.0000		-0.2120		
	434.0000		-0.2145		
	435.0000		-0.2164		
	436.0000		-0.2170		
	437.0000		-0.2158		
	438.0000		-0.2191		
	439.0000		-0.2214		
	440.0000		-0.2202		
	441.0000		-0.2191		
	442.0000		-0.2185		
	443.0000		-0.2199		
	444.0000		-0.2213		
	445.0000		-0.2221		
	446.0000		-0.2206		
	447.0000		-0.2200		
	448.0000		-0.2200		
	449.0000		-0.2200		
	450.0000		-0.2200		
	451.0000		-0.2173		
	452.0000		-0.2170		
	453.0000		-0.2170		
	454.0000		-0.2182		
	455.0000		-0.2197		
	456.0000		-0.2197		
	457.0000		-0.2182		
	458.0000		-0.2152		
	459.0000		-0.2150		
	460.0000		-0.2152		
	461.0000		-0.2166		
	462.0000		-0.2154		
	463.0000		-0.2162		
	464.0000		-0.2170		
	465.0000		-0.2171		
	466.0000		-0.2197		
	467.0000		-0.2208		
	468.0000		-0.2220		
	469.0000		-0.2226		
	470.0000		-0.2250		
	471.0000		-0.2256		
	472.0000		-0.2250		
	473.0000		-0.2260		
	474.0000		-0.2256		
	475.0000		-0.2235		
	476.0000		-0.2235		
	477.0000		-0.2238		
	478.0000		-0.2266		
	479.0000		-0.2276		
	480.0000		-0.2270		
	481.0000		-0.2270		
	482.0000		-0.2273		
	483.0000		-0.2270		
	484.0000		-0.2266		
	485.0000		-0.2232		
	486.0000		-0.2220		
	487.0000		-0.2220		
	488.0000		-0.2220		
	489.0000		-0.2212		
	490.0000		-0.2200		
	491.0000		-0.2204		
	492.0000		-0.2210		
	493.0000		-0.2208		
	494.0000		-0.2208		
	495.0000		-0.2200		
	496.0000		-0.2212		
	497.0000		-0.2218		
	498.0000		-0.2238		
	499.0000		-0.2262		
	500.0000		-0.2266		
	501.0000		-0.2256		
	502.0000		-0.2260		
	503.0000		-0.2264		
	504.0000		-0.2250		
	505.0000		-0.2262		
	506.0000		-0.2262		
	507.0000		-0.2244		
	508.0000		-0.2247		
	509.0000		-0.2238		
	510.0000		-0.2235		
	511.0000		-0.2220		
	512.0000		-0.2206		
	513.0000		-0.2197		
	514.0000		-0.2200		
	515.0000		-0.2216		
	516.0000		-0.2226		
	517.0000		-0.2250		
	518.0000		-0.2241		
	519.0000		-0.2220		
	520.0000		-0.2218		
	521.0000		-0.2220		
	522.0000		-0.2220		
	523.0000		-0.2232		
	524.0000		-0.2235		
	525.0000		-0.2226		
	526.0000		-0.2220		
	527.0000		-0.2232		
	528.0000		-0.2223		
	529.0000		-0.2212		
	530.0000		-0.2202		
	531.0000		-0.2204		
	532.0000		-0.2203		
	533.0000		-0.2212		
	534.0000		-0.2214		
	535.0000		-0.2212		
	536.0000		-0.2200		
	537.0000		-0.2170		
	538.0000		-0.2170		
	539.0000		-0.2170		
	540.0000		-0.2195		
	541.0000		-0.2218		
	542.0000		-0.2244		
	543.0000		-0.2238		
	544.0000		-0.2220		
	545.0000		-0.2220		
	546.0000		-0.2208		
	547.0000		-0.2210		
	548.0000		-0.2194		
	549.0000		-0.2202		
	550.0000		-0.2191		
	551.0000		-0.2170		
	552.0000		-0.2170		
	553.0000		-0.2170		
	554.0000		-0.2181		
	555.0000		-0.2214		
	556.0000		-0.2235		
	557.0000		-0.2241		
	558.0000		-0.2218		
	559.0000		-0.2202		
	560.0000		-0.2185		
	561.0000		-0.2176		
	562.0000		-0.2203		
	563.0000		-0.2220		
	564.0000		-0.2220		
	565.0000		-0.2220		
	566.0000		-0.2216		
	567.0000		-0.2220		
	568.0000		-0.2220		
	569.0000		-0.2216		
	570.0000		-0.2197		
	571.0000		-0.2202		
	572.0000		-0.2218		
	573.0000		-0.2218		
	574.0000		-0.2214		
	575.0000		-0.2223		
	576.0000		-0.2241		
	577.0000		-0.2254		
	578.0000		-0.2270		
	579.0000		-0.2270		
	580.0000		-0.2268		
	581.0000		-0.2270		
	582.0000		-0.2252		
	583.0000		-0.2256		
	584.0000		-0.2250		
	585.0000		-0.2256		
	586.0000		-0.2252		
	587.0000		-0.2252		
	588.0000		-0.2250		
	589.0000		-0.2250		
	590.0000		-0.2256		
	591.0000		-0.2270		
	592.0000		-0.2258		
	593.0000		-0.2244		
	594.0000		-0.2232		
	595.0000		-0.2236		
	596.0000		-0.2258		
	597.0000		-0.2221		
	598.0000		-0.2214		
	599.0000		-0.2204		
	600.0000		-0.2220		
	601.0000		-0.2256		
	602.0000		-0.2260		
	603.0000		-0.2250		
	604.0000		-0.2235		
	605.0000		-0.2212		
	606.0000		-0.2212		
	607.0000		-0.2238		
	608.0000		-0.2214		
	609.0000		-0.2216		
	610.0000		-0.2200		
	611.0000		-0.2202		
	612.0000		-0.2200		
	613.0000		-0.2206		
	614.0000		-0.2206		
	615.0000		-0.2179		
	616.0000		-0.2170		
	617.0000		-0.2209		
	618.0000		-0.2220		
	619.0000		-0.2218		
	620.0000		-0.2223		
	621.0000		-0.2220		
	622.0000		-0.2244		
	623.0000		-0.2229		
	624.0000		-0.2220		
	625.0000		-0.2241		
	626.0000		-0.2250		
	627.0000		-0.2241		
	628.0000		-0.2229		
	629.0000		-0.2254		
	630.0000		-0.2288		
	631.0000		-0.2279		
	632.0000		-0.2270		
	633.0000		-0.2270		
	634.0000		-0.2285		
	635.0000		-0.2285		
	636.0000		-0.2279		
	637.0000		-0.2262		
	638.0000		-0.2266		
	639.0000		-0.2268		
	640.0000		-0.2260		
	641.0000		-0.2256		
	642.0000		-0.2266		
	643.0000		-0.2223		
	644.0000		-0.2220		
	645.0000		-0.2216		
	646.0000		-0.2237		
	647.0000		-0.2270		
	648.0000		-0.2276		
	649.0000		-0.2306		
	650.0000		-0.2301		
	651.0000		-0.2288		
	652.0000		-0.2270		
	653.0000		-0.2266		
	654.0000		-0.2270		
	655.0000		-0.2246		
	656.0000		-0.2241		
	657.0000		-0.2220		
	658.0000		-0.2238		
	659.0000		-0.2241		
	660.0000		-0.2258		
	661.0000		-0.2250		
	662.0000		-0.2232		
	663.0000		-0.2247		
	664.0000		-0.2229		
	665.0000		-0.2212		
	666.0000		-0.2200		
	667.0000		-0.2204		
	668.0000		-0.2214		
	669.0000		-0.2223		
	670.0000		-0.2235		
	671.0000		-0.2220		
	672.0000		-0.2208		
	673.0000		-0.2208		
	674.0000		-0.2208		
	675.0000		-0.2218		
	676.0000		-0.2232		
	677.0000		-0.2220		
	678.0000		-0.2220		
	679.0000		-0.2238		
	680.0000		-0.2250		
	681.0000		-0.2268		
	682.0000		-0.2270		
	683.0000		-0.2285		
	684.0000		-0.2270		
	685.0000		-0.2288		
	686.0000		-0.2270		
	687.0000		-0.2270		
	688.0000		-0.2258		
	689.0000		-0.2252		
	690.0000		-0.2241		
	691.0000		-0.2241		
	692.0000		-0.2244		
	693.0000		-0.2229		
	694.0000		-0.2196		
	695.0000		-0.2179		
	696.0000		-0.2210		
	697.0000		-0.2223		
	698.0000		-0.2250		
	699.0000		-0.2244		
	700.0000		-0.2258		
	701.0000		-0.2250		
	702.0000		-0.2238		
	703.0000		-0.2262		
	704.0000		-0.2269		
	705.0000		-0.2230		
	706.0000		-0.2191		
	707.0000		-0.2200		
	708.0000		-0.2208		
	709.0000		-0.2210		
	710.0000		-0.2200		
	711.0000		-0.2188		
	712.0000		-0.2194		
	713.0000		-0.2218		
	714.0000		-0.2202		
	715.0000		-0.2197		
	716.0000		-0.2188		
	717.0000		-0.2170		
	718.0000		-0.2170		
	719.0000		-0.2171		
	720.0000		-0.2164		
	721.0000		-0.2150		
	722.0000		-0.2160		
	723.0000		-0.2170		
	724.0000		-0.2188		
	725.0000		-0.2194		
	726.0000		-0.2188		
	727.0000		-0.2168		
	728.0000		-0.2168		
	729.0000		-0.2156		
	730.0000		-0.2150		
	731.0000		-0.2151		
	732.0000		-0.2138		
	733.0000		-0.2168		
	734.0000		-0.2141		
	735.0000		-0.2155		
	736.0000		-0.2156		
	737.0000		-0.2111		
	738.0000		-0.2071		
	739.0000		-0.2035		
	740.0000		-0.2044		
	741.0000		-0.2067		
	742.0000		-0.2100		
	743.0000		-0.2123		
	744.0000		-0.2149		
	745.0000		-0.2160		
	746.0000		-0.2154		
	747.0000		-0.2150		
	748.0000		-0.2165		
	749.0000		-0.2160		
	750.0000		-0.2150		
	751.0000		-0.2175		
	752.0000		-0.2170		
	753.0000		-0.2143		
	754.0000		-0.2120		
	755.0000		-0.2100		
	756.0000		-0.2108		
	757.0000		-0.2123		
	758.0000		-0.2144		
	759.0000		-0.2152		
	760.0000		-0.2154		
	761.0000		-0.2141		
	762.0000		-0.2118		
	763.0000		-0.2100		
	764.0000		-0.2082		
	765.0000		-0.2079		
	766.0000		-0.2094		
	767.0000		-0.2097		
	768.0000		-0.2106		
	769.0000		-0.2150		
	770.0000		-0.2179		
	771.0000		-0.2200		
	772.0000		-0.2206		
	773.0000		-0.2218		
	774.0000		-0.2218		
	775.0000		-0.2238		
	776.0000		-0.2223		
	777.0000		-0.2254		
	778.0000		-0.2268		
	779.0000		-0.2254		
	780.0000		-0.2247		
	781.0000		-0.2241		
	782.0000		-0.2223		
	783.0000		-0.2220		
	784.0000		-0.2218		
	785.0000		-0.2235		
	786.0000		-0.2235		
	787.0000		-0.2220		
	788.0000		-0.2220		
	789.0000		-0.2195		
	790.0000		-0.2168		
	791.0000		-0.2170		
	792.0000		-0.2162		
	793.0000		-0.2138		
	794.0000		-0.2158		
	795.0000		-0.2170		
	796.0000		-0.2162		
	797.0000		-0.2138		
	798.0000		-0.2144		
	799.0000		-0.2158		
	800.0000		-0.2147		
	801.0000		-0.2120		
	802.0000		-0.2123		
	803.0000		-0.2135		
	804.0000		-0.2126		
	805.0000		-0.2150		
	806.0000		-0.2158		
	807.0000		-0.2156		
	808.0000		-0.2170		
	809.0000		-0.2182		
	810.0000		-0.2179		
	811.0000		-0.2166		
	812.0000		-0.2164		
	813.0000		-0.2166		
	814.0000		-0.2204		
	815.0000		-0.2208		
	816.0000		-0.2202		
	817.0000		-0.2188		
	818.0000		-0.2173		
	819.0000		-0.2176		
	820.0000		-0.2156		
	821.0000		-0.2170		
	822.0000		-0.2179		
	823.0000		-0.2170		
	824.0000		-0.2182		
	825.0000		-0.2188		
	826.0000		-0.2170		
	827.0000		-0.2185		
	828.0000		-0.2200		
	829.0000		-0.2199		
	830.0000		-0.2197		
	831.0000		-0.2179		
	832.0000		-0.2170		
	833.0000		-0.2156		
	834.0000		-0.2154		
	835.0000		-0.2158		
	836.0000		-0.2150		
	837.0000		-0.2135		
	838.0000		-0.2147		
	839.0000		-0.2107		
	840.0000		-0.2097		
	841.0000		-0.2100		
	842.0000		-0.2091		
	843.0000		-0.2070		
	844.0000		-0.2088		
	845.0000		-0.2076		
	846.0000		-0.2079		
	847.0000		-0.2082		
	848.0000		-0.2078		
	849.0000		-0.2035		
	850.0000		-0.2046		
	851.0000		-0.2073		
	852.0000		-0.2085		
	853.0000		-0.2104		
	854.0000		-0.2110		
	855.0000		-0.2094		
	856.0000		-0.2055		
	857.0000		-0.2016		
	858.0000		-0.1997		
	859.0000		-0.2004		
	860.0000		-0.2016		
	861.0000		-0.2026		
	862.0000		-0.2058		
	863.0000		-0.2079		
	864.0000		-0.2114		
	865.0000		-0.2120		
	866.0000		-0.2132		
	867.0000		-0.2126		
	868.0000		-0.2152		
	869.0000		-0.2129		
	870.0000		-0.2114		
	871.0000		-0.2102		
	872.0000		-0.2120		
	873.0000		-0.2123		
	874.0000		-0.2121		
	875.0000		-0.2096		
	876.0000		-0.2046		
	877.0000		-0.2003		
	878.0000		-0.1970		
	879.0000		-0.1943		
	880.0000		-0.1916		
	881.0000		-0.1876		
	882.0000		-0.1870		
	883.0000		-0.1868		
	884.0000		-0.1845		
	885.0000		-0.1844		
	886.0000		-0.1852		
	887.0000		-0.1862		
	888.0000		-0.1870		
	889.0000		-0.1870		
	890.0000		-0.1897		
	891.0000		-0.1876		
	892.0000		-0.1876		
	893.0000		-0.1876		
	894.0000		-0.1870		
	895.0000		-0.1864		
	896.0000		-0.1847		
	897.0000		-0.1846		
	898.0000		-0.1832		
	899.0000		-0.1820		
END
