IGOR
X| Fri Jul 28 17:19:34 2017
X|   0.000000000000 0 X|
X|   0.000000000000 0 X|
X|   0.000000000000 0 X|
X|   0.000000000000 0 X|
X| data_type 	 num_points 	 num_chans 	 shots_per_read 	 reads_per_point 	 num_sweeps
X|      0   			  900   		     1    		   30  		    10     			   1
WAVES	  XDATA  Z1DATA	 
BEGIN
	0.0000		-0.1377		
	1.0000		-0.1372		
	2.0000		-0.1284		
	3.0000		-0.1232		
	4.0000		-0.1165		
	5.0000		-0.1123		
	6.0000		-0.1104		
	7.0000		-0.1085		
	8.0000		-0.1032		
	9.0000		-0.1059		
	10.0000		-0.1070		
	11.0000		-0.1062		
	12.0000		-0.1060		
	13.0000		0.0146		
	14.0000		0.0950		
	15.0000		0.0467		
	16.0000		0.0098		
	17.0000		-0.0157		
	18.0000		-0.0347		
	19.0000		-0.0506		
	20.0000		-0.0609		
	21.0000		-0.0693		
	22.0000		-0.0742		
	23.0000		-0.0789		
	24.0000		-0.0829		
	25.0000		-0.0838		
	26.0000		-0.0835		
	27.0000		-0.0829		
	28.0000		-0.0840		
	29.0000		-0.0878		
	30.0000		-0.0851		
	31.0000		-0.0880		
	32.0000		-0.0852		
	33.0000		-0.0900		
	34.0000		-0.0895		
	35.0000		-0.0868		
	36.0000		-0.0847		
	37.0000		-0.0842		
	38.0000		-0.0889		
	39.0000		-0.0917		
	40.0000		-0.0944		
	41.0000		-0.0956		
	42.0000		-0.0921		
	43.0000		-0.0928		
	44.0000		-0.0926		
	45.0000		-0.0913		
	46.0000		-0.0927		
	47.0000		-0.0932		
	48.0000		-0.0889		
	49.0000		-0.0877		
	50.0000		-0.0864		
	51.0000		-0.0851		
	52.0000		-0.0899		
	53.0000		-0.0908		
	54.0000		-0.0920		
	55.0000		-0.0899		
	56.0000		-0.0946		
	57.0000		-0.0988		
	58.0000		-0.0985		
	59.0000		-0.0999		
	60.0000		-0.0982		
	61.0000		-0.0989		
	62.0000		-0.0968		
	63.0000		-0.0982		
	64.0000		-0.1008		
	65.0000		-0.1015		
	66.0000		-0.0968		
	67.0000		-0.0964		
	68.0000		-0.0938		
	69.0000		-0.0921		
	70.0000		-0.0864		
	71.0000		-0.0847		
	72.0000		-0.0847		
	73.0000		-0.0877		
	74.0000		-0.0885		
	75.0000		-0.0913		
	76.0000		-0.0914		
	77.0000		-0.0879		
	78.0000		-0.0894		
	79.0000		-0.0922		
	80.0000		-0.0927		
	81.0000		-0.0954		
	82.0000		-0.0946		
	83.0000		-0.0938		
	84.0000		-0.0919		
	85.0000		-0.0898		
	86.0000		-0.0844		
	87.0000		-0.0858		
	88.0000		-0.0858		
	89.0000		-0.0856		
	90.0000		-0.0892		
	91.0000		-0.0945		
	92.0000		-0.0976		
	93.0000		-0.0960		
	94.0000		-0.0963		
	95.0000		-0.0979		
	96.0000		-0.0951		
	97.0000		-0.0941		
	98.0000		-0.0951		
	99.0000		-0.0939		
	100.0000		-0.0898		
	101.0000		-0.0967		
	102.0000		-0.0982		
	103.0000		-0.0982		
	104.0000		-0.0902		
	105.0000		-0.0898		
	106.0000		-0.0873		
	107.0000		-0.0894		
	108.0000		-0.0876		
	109.0000		-0.0869		
	110.0000		-0.0882		
	111.0000		-0.0910		
	112.0000		-0.0926		
	113.0000		-0.0939		
	114.0000		-0.0932		
	115.0000		-0.0921		
	116.0000		-0.0944		
	117.0000		-0.0960		
	118.0000		-0.0971		
	119.0000		-0.0952		
	120.0000		-0.0964		
	121.0000		-0.0973		
	122.0000		-0.0897		
	123.0000		-0.0876		
	124.0000		-0.0927		
	125.0000		-0.0930		
	126.0000		-0.0925		
	127.0000		-0.0967		
	128.0000		-0.0994		
	129.0000		-0.0976		
	130.0000		-0.0985		
	131.0000		-0.1027		
	132.0000		-0.0985		
	133.0000		-0.0958		
	134.0000		-0.0988		
	135.0000		-0.0966		
	136.0000		-0.0946		
	137.0000		-0.0977		
	138.0000		-0.0990		
	139.0000		-0.0977		
	140.0000		-0.0990		
	141.0000		-0.1012		
	142.0000		-0.1014		
	143.0000		-0.0977		
	144.0000		-0.0948		
	145.0000		-0.0954		
	146.0000		-0.0932		
	147.0000		-0.0923		
	148.0000		-0.0935		
	149.0000		-0.0940		
	150.0000		-0.0976		
	151.0000		-0.0969		
	152.0000		-0.0973		
	153.0000		-0.0970		
	154.0000		-0.0957		
	155.0000		-0.0922		
	156.0000		-0.0914		
	157.0000		-0.0959		
	158.0000		-0.0947		
	159.0000		-0.0913		
	160.0000		-0.0893		
	161.0000		-0.0894		
	162.0000		-0.0876		
	163.0000		-0.0910		
	164.0000		-0.0939		
	165.0000		-0.0878		
	166.0000		-0.0908		
	167.0000		-0.0945		
	168.0000		-0.0947		
	169.0000		-0.0916		
	170.0000		-0.0910		
	171.0000		-0.0913		
	172.0000		-0.0932		
	173.0000		-0.0930		
	174.0000		-0.0957		
	175.0000		-0.0966		
	176.0000		-0.0964		
	177.0000		-0.0984		
	178.0000		-0.1035		
	179.0000		-0.1015		
	180.0000		-0.0971		
	181.0000		-0.0930		
	182.0000		-0.0935		
	183.0000		-0.0960		
	184.0000		-0.0956		
	185.0000		-0.0943		
	186.0000		-0.0935		
	187.0000		-0.0916		
	188.0000		-0.0938		
	189.0000		-0.0973		
	190.0000		-0.0985		
	191.0000		-0.0990		
	192.0000		-0.0982		
	193.0000		-0.0970		
	194.0000		-0.0956		
	195.0000		-0.0973		
	196.0000		-0.1017		
	197.0000		-0.1053		
	198.0000		-0.1046		
	199.0000		-0.0999		
	200.0000		-0.0994		
	201.0000		-0.0994		
	202.0000		-0.1033		
	203.0000		-0.1020		
	204.0000		-0.0965		
	205.0000		-0.0962		
	206.0000		-0.0943		
	207.0000		-0.0891		
	208.0000		-0.0850		
	209.0000		-0.0847		
	210.0000		-0.0892		
	211.0000		-0.0903		
	212.0000		-0.0912		
	213.0000		-0.0965		
	214.0000		-0.1006		
	215.0000		-0.1000		
	216.0000		-0.0985		
	217.0000		-0.1007		
	218.0000		-0.1021		
	219.0000		-0.0989		
	220.0000		-0.1008		
	221.0000		-0.0997		
	222.0000		-0.0998		
	223.0000		-0.0956		
	224.0000		-0.0929		
	225.0000		-0.0957		
	226.0000		-0.0988		
	227.0000		-0.0990		
	228.0000		-0.1021		
	229.0000		-0.0985		
	230.0000		-0.0982		
	231.0000		-0.0954		
	232.0000		-0.0950		
	233.0000		-0.0950		
	234.0000		-0.0950		
	235.0000		-0.0929		
	236.0000		-0.0917		
	237.0000		-0.0914		
	238.0000		-0.0889		
	239.0000		-0.0890		
	240.0000		-0.0882		
	241.0000		-0.0866		
	242.0000		-0.0879		
	243.0000		-0.0916		
	244.0000		-0.0882		
	245.0000		-0.0900		
	246.0000		-0.0916		
	247.0000		-0.0938		
	248.0000		-0.0938		
	249.0000		-0.0895		
	250.0000		-0.0850		
	251.0000		-0.0832		
	252.0000		-0.0855		
	253.0000		-0.0898		
	254.0000		-0.0920		
	255.0000		-0.0941		
	256.0000		-0.0903		
	257.0000		-0.0944		
	258.0000		-0.0902		
	259.0000		-0.0897		
	260.0000		-0.0944		
	261.0000		-0.0966		
	262.0000		-0.0971		
	263.0000		-0.0918		
	264.0000		-0.0895		
	265.0000		-0.0871		
	266.0000		-0.0866		
	267.0000		-0.0837		
	268.0000		-0.0821		
	269.0000		-0.0823		
	270.0000		-0.0885		
	271.0000		-0.0901		
	272.0000		-0.0878		
	273.0000		-0.0865		
	274.0000		-0.0872		
	275.0000		-0.0854		
	276.0000		-0.0830		
	277.0000		-0.0814		
	278.0000		-0.0830		
	279.0000		-0.0901		
	280.0000		-0.0966		
	281.0000		-0.0967		
	282.0000		-0.0954		
	283.0000		-0.0953		
	284.0000		-0.0935		
	285.0000		-0.0902		
	286.0000		-0.0899		
	287.0000		-0.0868		
	288.0000		-0.0917		
	289.0000		-0.0951		
	290.0000		-0.0976		
	291.0000		-0.1022		
	292.0000		-0.1035		
	293.0000		-0.1005		
	294.0000		-0.0961		
	295.0000		-0.0962		
	296.0000		-0.0962		
	297.0000		-0.0979		
	298.0000		-0.0979		
	299.0000		-0.0991		
	300.0000		-0.0967		
	301.0000		-0.0958		
	302.0000		-0.0960		
	303.0000		-0.0981		
	304.0000		-0.1008		
	305.0000		-0.1027		
	306.0000		-0.1038		
	307.0000		-0.1032		
	308.0000		-0.1048		
	309.0000		-0.1016		
	310.0000		-0.0953		
	311.0000		-0.0950		
	312.0000		-0.0944		
	313.0000		-0.0932		
	314.0000		-0.0938		
	315.0000		-0.0944		
	316.0000		-0.0961		
	317.0000		-0.0953		
	318.0000		-0.0958		
	319.0000		-0.0910		
	320.0000		-0.0905		
	321.0000		-0.0849		
	322.0000		-0.0903		
	323.0000		-0.0912		
	324.0000		-0.0943		
	325.0000		-0.0947		
	326.0000		-0.0921		
	327.0000		-0.0881		
	328.0000		-0.0882		
	329.0000		-0.0851		
	330.0000		-0.0906		
	331.0000		-0.0928		
	332.0000		-0.0935		
	333.0000		-0.0910		
	334.0000		-0.0932		
	335.0000		-0.0921		
	336.0000		-0.0871		
	337.0000		-0.0856		
	338.0000		-0.0852		
	339.0000		-0.0835		
	340.0000		-0.0838		
	341.0000		-0.0848		
	342.0000		-0.0872		
	343.0000		-0.0876		
	344.0000		-0.0902		
	345.0000		-0.0902		
	346.0000		-0.0914		
	347.0000		-0.0914		
	348.0000		-0.0892		
	349.0000		-0.0883		
	350.0000		-0.0874		
	351.0000		-0.0912		
	352.0000		-0.0891		
	353.0000		-0.0890		
	354.0000		-0.0900		
	355.0000		-0.0874		
	356.0000		-0.0919		
	357.0000		-0.0925		
	358.0000		-0.0878		
	359.0000		-0.0844		
	360.0000		-0.0803		
	361.0000		-0.0779		
	362.0000		-0.0799		
	363.0000		-0.0814		
	364.0000		-0.0852		
	365.0000		-0.0871		
	366.0000		-0.0871		
	367.0000		-0.0899		
	368.0000		-0.0882		
	369.0000		-0.0929		
	370.0000		-0.0931		
	371.0000		-0.0948		
	372.0000		-0.0954		
	373.0000		-0.0967		
	374.0000		-0.0964		
	375.0000		-0.1010		
	376.0000		-0.0991		
	377.0000		-0.0971		
	378.0000		-0.0985		
	379.0000		-0.0933		
	380.0000		-0.0901		
	381.0000		-0.0888		
	382.0000		-0.0905		
	383.0000		-0.0943		
	384.0000		-0.0973		
	385.0000		-0.0964		
	386.0000		-0.0924		
	387.0000		-0.0949		
	388.0000		-0.0968		
	389.0000		-0.0964		
	390.0000		-0.0951		
	391.0000		-0.0896		
	392.0000		-0.0870		
	393.0000		-0.0877		
	394.0000		-0.0850		
	395.0000		-0.0837		
	396.0000		-0.0873		
	397.0000		-0.0854		
	398.0000		-0.0816		
	399.0000		-0.0816		
	400.0000		-0.0832		
	401.0000		-0.0865		
	402.0000		-0.0866		
	403.0000		-0.0858		
	404.0000		-0.0870		
	405.0000		-0.0866		
	406.0000		-0.0888		
	407.0000		-0.0918		
	408.0000		-0.0954		
	409.0000		-0.0903		
	410.0000		-0.0872		
	411.0000		-0.0908		
	412.0000		-0.0885		
	413.0000		-0.0900		
	414.0000		-0.0885		
	415.0000		-0.0865		
	416.0000		-0.0819		
	417.0000		-0.0805		
	418.0000		-0.0832		
	419.0000		-0.0877		
	420.0000		-0.0863		
	421.0000		-0.0836		
	422.0000		-0.0838		
	423.0000		-0.0844		
	424.0000		-0.0850		
	425.0000		-0.0852		
	426.0000		-0.0802		
	427.0000		-0.0802		
	428.0000		-0.0808		
	429.0000		-0.0847		
	430.0000		-0.0816		
	431.0000		-0.0864		
	432.0000		-0.0864		
	433.0000		-0.0870		
	434.0000		-0.0873		
	435.0000		-0.0896		
	436.0000		-0.0941		
	437.0000		-0.0964		
	438.0000		-0.0929		
	439.0000		-0.0931		
	440.0000		-0.0970		
	441.0000		-0.0969		
	442.0000		-0.0954		
	443.0000		-0.0949		
	444.0000		-0.0923		
	445.0000		-0.0928		
	446.0000		-0.0884		
	447.0000		-0.0943		
	448.0000		-0.0935		
	449.0000		-0.0881		
	450.0000		-0.0864		
	451.0000		-0.0859		
	452.0000		-0.0863		
	453.0000		-0.0851		
	454.0000		-0.0893		
	455.0000		-0.0908		
	456.0000		-0.0892		
	457.0000		-0.0891		
	458.0000		-0.0908		
	459.0000		-0.0921		
	460.0000		-0.0947		
	461.0000		-0.0961		
	462.0000		-0.0939		
	463.0000		-0.0883		
	464.0000		-0.0827		
	465.0000		-0.0805		
	466.0000		-0.0844		
	467.0000		-0.0814		
	468.0000		-0.0853		
	469.0000		-0.0863		
	470.0000		-0.0904		
	471.0000		-0.0967		
	472.0000		-0.0951		
	473.0000		-0.0958		
	474.0000		-0.0938		
	475.0000		-0.0935		
	476.0000		-0.0946		
	477.0000		-0.0928		
	478.0000		-0.0918		
	479.0000		-0.0920		
	480.0000		-0.0923		
	481.0000		-0.0908		
	482.0000		-0.0884		
	483.0000		-0.0878		
	484.0000		-0.0898		
	485.0000		-0.0921		
	486.0000		-0.0927		
	487.0000		-0.0892		
	488.0000		-0.0895		
	489.0000		-0.0914		
	490.0000		-0.0905		
	491.0000		-0.0919		
	492.0000		-0.0873		
	493.0000		-0.0862		
	494.0000		-0.0866		
	495.0000		-0.0823		
	496.0000		-0.0818		
	497.0000		-0.0818		
	498.0000		-0.0826		
	499.0000		-0.0876		
	500.0000		-0.0905		
	501.0000		-0.0891		
	502.0000		-0.0911		
	503.0000		-0.0917		
	504.0000		-0.0881		
	505.0000		-0.0883		
	506.0000		-0.0910		
	507.0000		-0.0902		
	508.0000		-0.0869		
	509.0000		-0.0877		
	510.0000		-0.0906		
	511.0000		-0.0925		
	512.0000		-0.0900		
	513.0000		-0.0891		
	514.0000		-0.0908		
	515.0000		-0.0923		
	516.0000		-0.0923		
	517.0000		-0.0947		
	518.0000		-0.0956		
	519.0000		-0.0958		
	520.0000		-0.0962		
	521.0000		-0.0923		
	522.0000		-0.0888		
	523.0000		-0.0905		
	524.0000		-0.0902		
	525.0000		-0.0946		
	526.0000		-0.0938		
	527.0000		-0.0964		
	528.0000		-0.0925		
	529.0000		-0.0912		
	530.0000		-0.0922		
	531.0000		-0.0944		
	532.0000		-0.0932		
	533.0000		-0.0918		
	534.0000		-0.0908		
	535.0000		-0.0923		
	536.0000		-0.0879		
	537.0000		-0.0876		
	538.0000		-0.0873		
	539.0000		-0.0864		
	540.0000		-0.0868		
	541.0000		-0.0845		
	542.0000		-0.0855		
	543.0000		-0.0871		
	544.0000		-0.0909		
	545.0000		-0.0912		
	546.0000		-0.0884		
	547.0000		-0.0917		
	548.0000		-0.0854		
	549.0000		-0.0879		
	550.0000		-0.0837		
	551.0000		-0.0823		
	552.0000		-0.0848		
	553.0000		-0.0866		
	554.0000		-0.0852		
	555.0000		-0.0881		
	556.0000		-0.0876		
	557.0000		-0.0910		
	558.0000		-0.0906		
	559.0000		-0.0876		
	560.0000		-0.0877		
	561.0000		-0.0847		
	562.0000		-0.0835		
	563.0000		-0.0829		
	564.0000		-0.0860		
	565.0000		-0.0875		
	566.0000		-0.0910		
	567.0000		-0.0923		
	568.0000		-0.0888		
	569.0000		-0.0899		
	570.0000		-0.0899		
	571.0000		-0.0887		
	572.0000		-0.0900		
	573.0000		-0.0919		
	574.0000		-0.0922		
	575.0000		-0.0908		
	576.0000		-0.0922		
	577.0000		-0.0932		
	578.0000		-0.0898		
	579.0000		-0.0876		
	580.0000		-0.0860		
	581.0000		-0.0856		
	582.0000		-0.0802		
	583.0000		-0.0773		
	584.0000		-0.0787		
	585.0000		-0.0829		
	586.0000		-0.0858		
	587.0000		-0.0856		
	588.0000		-0.0870		
	589.0000		-0.0894		
	590.0000		-0.0906		
	591.0000		-0.0876		
	592.0000		-0.0875		
	593.0000		-0.0944		
	594.0000		-0.0907		
	595.0000		-0.0897		
	596.0000		-0.0915		
	597.0000		-0.0890		
	598.0000		-0.0868		
	599.0000		-0.0857		
	600.0000		-0.0836		
	601.0000		-0.0854		
	602.0000		-0.0824		
	603.0000		-0.0804		
	604.0000		-0.0779		
	605.0000		-0.0784		
	606.0000		-0.0829		
	607.0000		-0.0855		
	608.0000		-0.0860		
	609.0000		-0.0888		
	610.0000		-0.0877		
	611.0000		-0.0897		
	612.0000		-0.0874		
	613.0000		-0.0871		
	614.0000		-0.0899		
	615.0000		-0.0898		
	616.0000		-0.0946		
	617.0000		-0.0904		
	618.0000		-0.0894		
	619.0000		-0.0892		
	620.0000		-0.0840		
	621.0000		-0.0823		
	622.0000		-0.0800		
	623.0000		-0.0801		
	624.0000		-0.0772		
	625.0000		-0.0756		
	626.0000		-0.0779		
	627.0000		-0.0766		
	628.0000		-0.0754		
	629.0000		-0.0770		
	630.0000		-0.0782		
	631.0000		-0.0793		
	632.0000		-0.0825		
	633.0000		-0.0800		
	634.0000		-0.0791		
	635.0000		-0.0806		
	636.0000		-0.0816		
	637.0000		-0.0835		
	638.0000		-0.0810		
	639.0000		-0.0770		
	640.0000		-0.0767		
	641.0000		-0.0764		
	642.0000		-0.0799		
	643.0000		-0.0840		
	644.0000		-0.0869		
	645.0000		-0.0910		
	646.0000		-0.0995		
	647.0000		-0.0964		
	648.0000		-0.0946		
	649.0000		-0.0932		
	650.0000		-0.0954		
	651.0000		-0.0958		
	652.0000		-0.0910		
	653.0000		-0.0930		
	654.0000		-0.0944		
	655.0000		-0.0904		
	656.0000		-0.0932		
	657.0000		-0.0940		
	658.0000		-0.0912		
	659.0000		-0.0899		
	660.0000		-0.0894		
	661.0000		-0.0853		
	662.0000		-0.0884		
	663.0000		-0.0875		
	664.0000		-0.0873		
	665.0000		-0.0852		
	666.0000		-0.0844		
	667.0000		-0.0814		
	668.0000		-0.0796		
	669.0000		-0.0806		
	670.0000		-0.0834		
	671.0000		-0.0812		
	672.0000		-0.0838		
	673.0000		-0.0813		
	674.0000		-0.0810		
	675.0000		-0.0869		
	676.0000		-0.0931		
	677.0000		-0.0893		
	678.0000		-0.0948		
	679.0000		-0.0996		
	680.0000		-0.1019		
	681.0000		-0.0982		
	682.0000		-0.0944		
	683.0000		-0.0936		
	684.0000		-0.0895		
	685.0000		-0.0874		
	686.0000		-0.0858		
	687.0000		-0.0835		
	688.0000		-0.0838		
	689.0000		-0.0842		
	690.0000		-0.0805		
	691.0000		-0.0794		
	692.0000		-0.0773		
	693.0000		-0.0787		
	694.0000		-0.0801		
	695.0000		-0.0799		
	696.0000		-0.0787		
	697.0000		-0.0842		
	698.0000		-0.0847		
	699.0000		-0.0850		
	700.0000		-0.0814		
	701.0000		-0.0814		
	702.0000		-0.0764		
	703.0000		-0.0791		
	704.0000		-0.0805		
	705.0000		-0.0813		
	706.0000		-0.0753		
	707.0000		-0.0752		
	708.0000		-0.0805		
	709.0000		-0.0794		
	710.0000		-0.0793		
	711.0000		-0.0779		
	712.0000		-0.0802		
	713.0000		-0.0818		
	714.0000		-0.0835		
	715.0000		-0.0825		
	716.0000		-0.0829		
	717.0000		-0.0816		
	718.0000		-0.0849		
	719.0000		-0.0890		
	720.0000		-0.0898		
	721.0000		-0.0891		
	722.0000		-0.0906		
	723.0000		-0.0888		
	724.0000		-0.0853		
	725.0000		-0.0882		
	726.0000		-0.0888		
	727.0000		-0.0875		
	728.0000		-0.0872		
	729.0000		-0.0882		
	730.0000		-0.0864		
	731.0000		-0.0831		
	732.0000		-0.0834		
	733.0000		-0.0805		
	734.0000		-0.0788		
	735.0000		-0.0778		
	736.0000		-0.0794		
	737.0000		-0.0816		
	738.0000		-0.0800		
	739.0000		-0.0828		
	740.0000		-0.0852		
	741.0000		-0.0894		
	742.0000		-0.0894		
	743.0000		-0.0883		
	744.0000		-0.0862		
	745.0000		-0.0862		
	746.0000		-0.0910		
	747.0000		-0.0907		
	748.0000		-0.0873		
	749.0000		-0.0892		
	750.0000		-0.0906		
	751.0000		-0.0876		
	752.0000		-0.0870		
	753.0000		-0.0879		
	754.0000		-0.0885		
	755.0000		-0.0855		
	756.0000		-0.0819		
	757.0000		-0.0832		
	758.0000		-0.0829		
	759.0000		-0.0788		
	760.0000		-0.0770		
	761.0000		-0.0835		
	762.0000		-0.0810		
	763.0000		-0.0782		
	764.0000		-0.0797		
	765.0000		-0.0801		
	766.0000		-0.0817		
	767.0000		-0.0838		
	768.0000		-0.0857		
	769.0000		-0.0866		
	770.0000		-0.0868		
	771.0000		-0.0891		
	772.0000		-0.0865		
	773.0000		-0.0882		
	774.0000		-0.0839		
	775.0000		-0.0797		
	776.0000		-0.0797		
	777.0000		-0.0831		
	778.0000		-0.0877		
	779.0000		-0.0852		
	780.0000		-0.0812		
	781.0000		-0.0782		
	782.0000		-0.0817		
	783.0000		-0.0827		
	784.0000		-0.0841		
	785.0000		-0.0832		
	786.0000		-0.0823		
	787.0000		-0.0811		
	788.0000		-0.0815		
	789.0000		-0.0814		
	790.0000		-0.0812		
	791.0000		-0.0841		
	792.0000		-0.0834		
	793.0000		-0.0844		
	794.0000		-0.0848		
	795.0000		-0.0801		
	796.0000		-0.0776		
	797.0000		-0.0753		
	798.0000		-0.0740		
	799.0000		-0.0768		
	800.0000		-0.0753		
	801.0000		-0.0756		
	802.0000		-0.0772		
	803.0000		-0.0766		
	804.0000		-0.0753		
	805.0000		-0.0771		
	806.0000		-0.0839		
	807.0000		-0.0861		
	808.0000		-0.0874		
	809.0000		-0.0874		
	810.0000		-0.0854		
	811.0000		-0.0844		
	812.0000		-0.0824		
	813.0000		-0.0792		
	814.0000		-0.0771		
	815.0000		-0.0776		
	816.0000		-0.0793		
	817.0000		-0.0793		
	818.0000		-0.0802		
	819.0000		-0.0802		
	820.0000		-0.0818		
	821.0000		-0.0789		
	822.0000		-0.0799		
	823.0000		-0.0810		
	824.0000		-0.0798		
	825.0000		-0.0782		
	826.0000		-0.0818		
	827.0000		-0.0819		
	828.0000		-0.0799		
	829.0000		-0.0769		
	830.0000		-0.0776		
	831.0000		-0.0743		
	832.0000		-0.0740		
	833.0000		-0.0732		
	834.0000		-0.0753		
	835.0000		-0.0713		
	836.0000		-0.0706		
	837.0000		-0.0717		
	838.0000		-0.0764		
	839.0000		-0.0757		
	840.0000		-0.0725		
	841.0000		-0.0742		
	842.0000		-0.0794		
	843.0000		-0.0823		
	844.0000		-0.0776		
	845.0000		-0.0768		
	846.0000		-0.0743		
	847.0000		-0.0764		
	848.0000		-0.0812		
	849.0000		-0.0858		
	850.0000		-0.0822		
	851.0000		-0.0806		
	852.0000		-0.0772		
	853.0000		-0.0751		
	854.0000		-0.0746		
	855.0000		-0.0742		
	856.0000		-0.0781		
	857.0000		-0.0862		
	858.0000		-0.0899		
	859.0000		-0.0891		
	860.0000		-0.0894		
	861.0000		-0.0831		
	862.0000		-0.0770		
	863.0000		-0.0769		
	864.0000		-0.0758		
	865.0000		-0.0756		
	866.0000		-0.0773		
	867.0000		-0.0813		
	868.0000		-0.0846		
	869.0000		-0.0826		
	870.0000		-0.0825		
	871.0000		-0.0799		
	872.0000		-0.0812		
	873.0000		-0.0791		
	874.0000		-0.0770		
	875.0000		-0.0760		
	876.0000		-0.0756		
	877.0000		-0.0750		
	878.0000		-0.0747		
	879.0000		-0.0742		
	880.0000		-0.0788		
	881.0000		-0.0788		
	882.0000		-0.0809		
	883.0000		-0.0823		
	884.0000		-0.0838		
	885.0000		-0.0876		
	886.0000		-0.0842		
	887.0000		-0.0841		
	888.0000		-0.0832		
	889.0000		-0.0814		
	890.0000		-0.0814		
	891.0000		-0.0782		
	892.0000		-0.0772		
	893.0000		-0.0767		
	894.0000		-0.0773		
	895.0000		-0.0766		
	896.0000		-0.0763		
	897.0000		-0.0710		
	898.0000		-0.0738		
	899.0000		-0.0727		
END
