IGOR
X| Thu May 25 17:38:31 2017
X|   0.000000000000 0 X|
X|   0.000000000000 0 X|
X|   0.000000000000 0 X|
X|   0.000000000000 0 X|
X| data_type 	 num_points 	 num_chans 	 shots_per_read 	 reads_per_point 	 num_sweeps
X|      0   			  900   		     1    		   30  		    10     			   1
WAVES	  XDATA  Z1DATA	 
BEGIN
	0.0000		0.2318		
	1.0000		0.2320		
	2.0000		0.2320		
	3.0000		0.2320		
	4.0000		0.2320		
	5.0000		0.2320		
	6.0000		0.2320		
	7.0000		0.2320		
	8.0000		0.2320		
	9.0000		0.2341		
	10.0000		0.2350		
	11.0000		0.2370		
	12.0000		0.2370		
	13.0000		0.2397		
	14.0000		0.2402		
	15.0000		0.2420		
	16.0000		0.2420		
	17.0000		0.2420		
	18.0000		0.2432		
	19.0000		0.2438		
	20.0000		0.2426		
	21.0000		0.2420		
	22.0000		0.2420		
	23.0000		0.2420		
	24.0000		0.2420		
	25.0000		0.2412		
	26.0000		0.2400		
	27.0000		0.2400		
	28.0000		0.2400		
	29.0000		0.2379		
	30.0000		0.2370		
	31.0000		0.2370		
	32.0000		0.2370		
	33.0000		0.2370		
	34.0000		0.2319		
	35.0000		0.2155		
	36.0000		0.2198		
	37.0000		0.2247		
	38.0000		0.2293		
	39.0000		0.2329		
	40.0000		0.2360		
	41.0000		0.2382		
	42.0000		0.2410		
	43.0000		0.2453		
	44.0000		0.2493		
	45.0000		0.2540		
	46.0000		0.2579		
	47.0000		0.2617		
	48.0000		0.2662		
	49.0000		0.2698		
	50.0000		0.2735		
	51.0000		0.2766		
	52.0000		0.2788		
	53.0000		0.2800		
	54.0000		0.2810		
	55.0000		0.2810		
	56.0000		0.2800		
	57.0000		0.2776		
	58.0000		0.2760		
	59.0000		0.2717		
	60.0000		0.2682		
	61.0000		0.2643		
	62.0000		0.2605		
	63.0000		0.2562		
	64.0000		0.2513		
	65.0000		0.2469		
	66.0000		0.2432		
	67.0000		0.2399		
	68.0000		0.2368		
	69.0000		0.2341		
	70.0000		0.2314		
	71.0000		0.2297		
	72.0000		0.2270		
	73.0000		0.2270		
	74.0000		0.2270		
	75.0000		0.2270		
	76.0000		0.2270		
	77.0000		0.2270		
	78.0000		0.2270		
	79.0000		0.2288		
	80.0000		0.2302		
	81.0000		0.2318		
	82.0000		0.2338		
	83.0000		0.2354		
	84.0000		0.2370		
	85.0000		0.2370		
	86.0000		0.2370		
	87.0000		0.2370		
	88.0000		0.2388		
	89.0000		0.2400		
	90.0000		0.2400		
	91.0000		0.2400		
	92.0000		0.2400		
	93.0000		0.2400		
	94.0000		0.2385		
	95.0000		0.2370		
	96.0000		0.2370		
	97.0000		0.2370		
	98.0000		0.2370		
	99.0000		0.2370		
	100.0000		0.2370		
	101.0000		0.2370		
	102.0000		0.2370		
	103.0000		0.2370		
	104.0000		0.2370		
	105.0000		0.2370		
	106.0000		0.2370		
	107.0000		0.2370		
	108.0000		0.2382		
	109.0000		0.2400		
	110.0000		0.2400		
	111.0000		0.2408		
	112.0000		0.2420		
	113.0000		0.2420		
	114.0000		0.2432		
	115.0000		0.2450		
	116.0000		0.2450		
	117.0000		0.2450		
	118.0000		0.2452		
	119.0000		0.2456		
	120.0000		0.2458		
	121.0000		0.2450		
	122.0000		0.2450		
	123.0000		0.2450		
	124.0000		0.2450		
	125.0000		0.2447		
	126.0000		0.2420		
	127.0000		0.2420		
	128.0000		0.2420		
	129.0000		0.2420		
	130.0000		0.2402		
	131.0000		0.2400		
	132.0000		0.2400		
	133.0000		0.2400		
	134.0000		0.2394		
	135.0000		0.2373		
	136.0000		0.2370		
	137.0000		0.2370		
	138.0000		0.2373		
	139.0000		0.2379		
	140.0000		0.2397		
	141.0000		0.2400		
	142.0000		0.2410		
	143.0000		0.2420		
	144.0000		0.2423		
	145.0000		0.2450		
	146.0000		0.2450		
	147.0000		0.2452		
	148.0000		0.2468		
	149.0000		0.2470		
	150.0000		0.2470		
	151.0000		0.2470		
	152.0000		0.2470		
	153.0000		0.2464		
	154.0000		0.2450		
	155.0000		0.2450		
	156.0000		0.2432		
	157.0000		0.2420		
	158.0000		0.2404		
	159.0000		0.2397		
	160.0000		0.2370		
	161.0000		0.2370		
	162.0000		0.2358		
	163.0000		0.2344		
	164.0000		0.2323		
	165.0000		0.2320		
	166.0000		0.2306		
	167.0000		0.2300		
	168.0000		0.2288		
	169.0000		0.2270		
	170.0000		0.2270		
	171.0000		0.2270		
	172.0000		0.2270		
	173.0000		0.2270		
	174.0000		0.2270		
	175.0000		0.2282		
	176.0000		0.2302		
	177.0000		0.2320		
	178.0000		0.2338		
	179.0000		0.2364		
	180.0000		0.2370		
	181.0000		0.2400		
	182.0000		0.2414		
	183.0000		0.2423		
	184.0000		0.2450		
	185.0000		0.2450		
	186.0000		0.2468		
	187.0000		0.2470		
	188.0000		0.2470		
	189.0000		0.2470		
	190.0000		0.2470		
	191.0000		0.2454		
	192.0000		0.2450		
	193.0000		0.2450		
	194.0000		0.2450		
	195.0000		0.2423		
	196.0000		0.2416		
	197.0000		0.2400		
	198.0000		0.2388		
	199.0000		0.2370		
	200.0000		0.2370		
	201.0000		0.2368		
	202.0000		0.2352		
	203.0000		0.2341		
	204.0000		0.2323		
	205.0000		0.2320		
	206.0000		0.2320		
	207.0000		0.2320		
	208.0000		0.2320		
	209.0000		0.2320		
	210.0000		0.2326		
	211.0000		0.2352		
	212.0000		0.2370		
	213.0000		0.2379		
	214.0000		0.2402		
	215.0000		0.2426		
	216.0000		0.2460		
	217.0000		0.2488		
	218.0000		0.2512		
	219.0000		0.2549		
	220.0000		0.2573		
	221.0000		0.2600		
	222.0000		0.2620		
	223.0000		0.2620		
	224.0000		0.2638		
	225.0000		0.2650		
	226.0000		0.2644		
	227.0000		0.2623		
	228.0000		0.2620		
	229.0000		0.2600		
	230.0000		0.2579		
	231.0000		0.2558		
	232.0000		0.2532		
	233.0000		0.2506		
	234.0000		0.2408		
	235.0000		0.2202		
	236.0000		0.2216		
	237.0000		0.2250		
	238.0000		0.2266		
	239.0000		0.2270		
	240.0000		0.2268		
	241.0000		0.2270		
	242.0000		0.2270		
	243.0000		0.2276		
	244.0000		0.2300		
	245.0000		0.2310		
	246.0000		0.2326		
	247.0000		0.2362		
	248.0000		0.2376		
	249.0000		0.2404		
	250.0000		0.2429		
	251.0000		0.2458		
	252.0000		0.2470		
	253.0000		0.2500		
	254.0000		0.2502		
	255.0000		0.2518		
	256.0000		0.2504		
	257.0000		0.2500		
	258.0000		0.2488		
	259.0000		0.2468		
	260.0000		0.2444		
	261.0000		0.2416		
	262.0000		0.2397		
	263.0000		0.2373		
	264.0000		0.2362		
	265.0000		0.2335		
	266.0000		0.2314		
	267.0000		0.2300		
	268.0000		0.2279		
	269.0000		0.2270		
	270.0000		0.2270		
	271.0000		0.2270		
	272.0000		0.2302		
	273.0000		0.2332		
	274.0000		0.2372		
	275.0000		0.2410		
	276.0000		0.2455		
	277.0000		0.2521		
	278.0000		0.2590		
	279.0000		0.2654		
	280.0000		0.2730		
	281.0000		0.2790		
	282.0000		0.2847		
	283.0000		0.2900		
	284.0000		0.2940		
	285.0000		0.2970		
	286.0000		0.2997		
	287.0000		0.2988		
	288.0000		0.2970		
	289.0000		0.2958		
	290.0000		0.2929		
	291.0000		0.2888		
	292.0000		0.2848		
	293.0000		0.2803		
	294.0000		0.2755		
	295.0000		0.2702		
	296.0000		0.2662		
	297.0000		0.2617		
	298.0000		0.2567		
	299.0000		0.2524		
	300.0000		0.2485		
	301.0000		0.2462		
	302.0000		0.2450		
	303.0000		0.2450		
	304.0000		0.2462		
	305.0000		0.2485		
	306.0000		0.2535		
	307.0000		0.2582		
	308.0000		0.2649		
	309.0000		0.2733		
	310.0000		0.2810		
	311.0000		0.2887		
	312.0000		0.2962		
	313.0000		0.3035		
	314.0000		0.3099		
	315.0000		0.3160		
	316.0000		0.3179		
	317.0000		0.3200		
	318.0000		0.3200		
	319.0000		0.3179		
	320.0000		0.3164		
	321.0000		0.3120		
	322.0000		0.3067		
	323.0000		0.3012		
	324.0000		0.2952		
	325.0000		0.2887		
	326.0000		0.2818		
	327.0000		0.2754		
	328.0000		0.2694		
	329.0000		0.2633		
	330.0000		0.2582		
	331.0000		0.2532		
	332.0000		0.2490		
	333.0000		0.2462		
	334.0000		0.2450		
	335.0000		0.2441		
	336.0000		0.2420		
	337.0000		0.2435		
	338.0000		0.2456		
	339.0000		0.2485		
	340.0000		0.2512		
	341.0000		0.2546		
	342.0000		0.2579		
	343.0000		0.2612		
	344.0000		0.2638		
	345.0000		0.2666		
	346.0000		0.2682		
	347.0000		0.2700		
	348.0000		0.2700		
	349.0000		0.2700		
	350.0000		0.2688		
	351.0000		0.2670		
	352.0000		0.2660		
	353.0000		0.2641		
	354.0000		0.2620		
	355.0000		0.2612		
	356.0000		0.2600		
	357.0000		0.2602		
	358.0000		0.2614		
	359.0000		0.2632		
	360.0000		0.2664		
	361.0000		0.2705		
	362.0000		0.2762		
	363.0000		0.2791		
	364.0000		0.2835		
	365.0000		0.2882		
	366.0000		0.2927		
	367.0000		0.2977		
	368.0000		0.3012		
	369.0000		0.3041		
	370.0000		0.3050		
	371.0000		0.3050		
	372.0000		0.3038		
	373.0000		0.3012		
	374.0000		0.2976		
	375.0000		0.2938		
	376.0000		0.2887		
	377.0000		0.2833		
	378.0000		0.2782		
	379.0000		0.2730		
	380.0000		0.2679		
	381.0000		0.2632		
	382.0000		0.2585		
	383.0000		0.2545		
	384.0000		0.2504		
	385.0000		0.2464		
	386.0000		0.2435		
	387.0000		0.2412		
	388.0000		0.2400		
	389.0000		0.2400		
	390.0000		0.2406		
	391.0000		0.2443		
	392.0000		0.2490		
	393.0000		0.2555		
	394.0000		0.2647		
	395.0000		0.2755		
	396.0000		0.2885		
	397.0000		0.3010		
	398.0000		0.3137		
	399.0000		0.3232		
	400.0000		0.3348		
	401.0000		0.3460		
	402.0000		0.3562		
	403.0000		0.3642		
	404.0000		0.3700		
	405.0000		0.3757		
	406.0000		0.3762		
	407.0000		0.3744		
	408.0000		0.3695		
	409.0000		0.3645		
	410.0000		0.3587		
	411.0000		0.3537		
	412.0000		0.3487		
	413.0000		0.3432		
	414.0000		0.3385		
	415.0000		0.3356		
	416.0000		0.3326		
	417.0000		0.3314		
	418.0000		0.3297		
	419.0000		0.3270		
	420.0000		0.3262		
	421.0000		0.3244		
	422.0000		0.3214		
	423.0000		0.3185		
	424.0000		0.3154		
	425.0000		0.3103		
	426.0000		0.3062		
	427.0000		0.3017		
	428.0000		0.2991		
	429.0000		0.2973		
	430.0000		0.2954		
	431.0000		0.2935		
	432.0000		0.2920		
	433.0000		0.2920		
	434.0000		0.2920		
	435.0000		0.2926		
	436.0000		0.2954		
	437.0000		0.2966		
	438.0000		0.2950		
	439.0000		0.2926		
	440.0000		0.2894		
	441.0000		0.2860		
	442.0000		0.2832		
	443.0000		0.2788		
	444.0000		0.2758		
	445.0000		0.2710		
	446.0000		0.2673		
	447.0000		0.2652		
	448.0000		0.2623		
	449.0000		0.2612		
	450.0000		0.2606		
	451.0000		0.2626		
	452.0000		0.2670		
	453.0000		0.2747		
	454.0000		0.2860		
	455.0000		0.3027		
	456.0000		0.3235		
	457.0000		0.3492		
	458.0000		0.3728		
	459.0000		0.4017		
	460.0000		0.4353		
	461.0000		0.4709		
	462.0000		0.5070		
	463.0000		0.5410		
	464.0000		0.5700		
	465.0000		0.5953		
	466.0000		0.6120		
	467.0000		0.6226		
	468.0000		0.6273		
	469.0000		0.6260		
	470.0000		0.6205		
	471.0000		0.6124		
	472.0000		0.6000		
	473.0000		0.5897		
	474.0000		0.5799		
	475.0000		0.5710		
	476.0000		0.5639		
	477.0000		0.5598		
	478.0000		0.5570		
	479.0000		0.5570		
	480.0000		0.5570		
	481.0000		0.5552		
	482.0000		0.5498		
	483.0000		0.5456		
	484.0000		0.5469		
	485.0000		0.5484		
	486.0000		0.5505		
	487.0000		0.5580		
	488.0000		0.5770		
	489.0000		0.6147		
	490.0000		0.6565		
	491.0000		0.7175		
	492.0000		0.8103		
	493.0000		0.9267		
	494.0000		1.0254		
	495.0000		1.1320		
	496.0000		1.2603		
	497.0000		1.4149		
	498.0000		1.5619		
	499.0000		1.7065		
	500.0000		1.8362		
	501.0000		1.9444		
	502.0000		2.0408		
	503.0000		2.1234		
	504.0000		2.1983		
	505.0000		2.2278		
	506.0000		2.1978		
	507.0000		2.1868		
	508.0000		2.1985		
	509.0000		2.1803		
	510.0000		2.1345		
	511.0000		2.0718		
	512.0000		1.9967		
	513.0000		1.9116		
	514.0000		1.8110		
	515.0000		1.7118		
	516.0000		1.6055		
	517.0000		1.5012		
	518.0000		1.4004		
	519.0000		1.3045		
	520.0000		1.2102		
	521.0000		1.1165		
	522.0000		1.0305		
	523.0000		0.9525		
	524.0000		0.8810		
	525.0000		0.8165		
	526.0000		0.7577		
	527.0000		0.7020		
	528.0000		0.6534		
	529.0000		0.6118		
	530.0000		0.5715		
	531.0000		0.5349		
	532.0000		0.5062		
	533.0000		0.4850		
	534.0000		0.4672		
	535.0000		0.4515		
	536.0000		0.4397		
	537.0000		0.4302		
	538.0000		0.4237		
	539.0000		0.4206		
	540.0000		0.4204		
	541.0000		0.4242		
	542.0000		0.4292		
	543.0000		0.4354		
	544.0000		0.4413		
	545.0000		0.4465		
	546.0000		0.4537		
	547.0000		0.4605		
	548.0000		0.4667		
	549.0000		0.4718		
	550.0000		0.4760		
	551.0000		0.4770		
	552.0000		0.4776		
	553.0000		0.4770		
	554.0000		0.4770		
	555.0000		0.4730		
	556.0000		0.4660		
	557.0000		0.4570		
	558.0000		0.4457		
	559.0000		0.4360		
	560.0000		0.4248		
	561.0000		0.4130		
	562.0000		0.4010		
	563.0000		0.3877		
	564.0000		0.3735		
	565.0000		0.3600		
	566.0000		0.3464		
	567.0000		0.3335		
	568.0000		0.3222		
	569.0000		0.3124		
	570.0000		0.3017		
	571.0000		0.2923		
	572.0000		0.2830		
	573.0000		0.2749		
	574.0000		0.2668		
	575.0000		0.2599		
	576.0000		0.2542		
	577.0000		0.2485		
	578.0000		0.2443		
	579.0000		0.2403		
	580.0000		0.2370		
	581.0000		0.2341		
	582.0000		0.2310		
	583.0000		0.2282		
	584.0000		0.2264		
	585.0000		0.2250		
	586.0000		0.2220		
	587.0000		0.2216		
	588.0000		0.2200		
	589.0000		0.2200		
	590.0000		0.2200		
	591.0000		0.2170		
	592.0000		0.2170		
	593.0000		0.2170		
	594.0000		0.2170		
	595.0000		0.2170		
	596.0000		0.2170		
	597.0000		0.2170		
	598.0000		0.2170		
	599.0000		0.2194		
	600.0000		0.2200		
	601.0000		0.2214		
	602.0000		0.2220		
	603.0000		0.2220		
	604.0000		0.2241		
	605.0000		0.2250		
	606.0000		0.2266		
	607.0000		0.2270		
	608.0000		0.2276		
	609.0000		0.2300		
	610.0000		0.2306		
	611.0000		0.2318		
	612.0000		0.2320		
	613.0000		0.2338		
	614.0000		0.2352		
	615.0000		0.2370		
	616.0000		0.2370		
	617.0000		0.2370		
	618.0000		0.2370		
	619.0000		0.2397		
	620.0000		0.2400		
	621.0000		0.2404		
	622.0000		0.2420		
	623.0000		0.2420		
	624.0000		0.2429		
	625.0000		0.2450		
	626.0000		0.2450		
	627.0000		0.2464		
	628.0000		0.2470		
	629.0000		0.2470		
	630.0000		0.2470		
	631.0000		0.2470		
	632.0000		0.2470		
	633.0000		0.2470		
	634.0000		0.2494		
	635.0000		0.2500		
	636.0000		0.2500		
	637.0000		0.2500		
	638.0000		0.2500		
	639.0000		0.2500		
	640.0000		0.2500		
	641.0000		0.2500		
	642.0000		0.2500		
	643.0000		0.2500		
	644.0000		0.2500		
	645.0000		0.2500		
	646.0000		0.2500		
	647.0000		0.2500		
	648.0000		0.2500		
	649.0000		0.2508		
	650.0000		0.2520		
	651.0000		0.2520		
	652.0000		0.2520		
	653.0000		0.2520		
	654.0000		0.2520		
	655.0000		0.2520		
	656.0000		0.2520		
	657.0000		0.2520		
	658.0000		0.2520		
	659.0000		0.2520		
	660.0000		0.2520		
	661.0000		0.2520		
	662.0000		0.2520		
	663.0000		0.2520		
	664.0000		0.2520		
	665.0000		0.2520		
	666.0000		0.2520		
	667.0000		0.2520		
	668.0000		0.2520		
	669.0000		0.2520		
	670.0000		0.2520		
	671.0000		0.2520		
	672.0000		0.2520		
	673.0000		0.2520		
	674.0000		0.2520		
	675.0000		0.2520		
	676.0000		0.2520		
	677.0000		0.2520		
	678.0000		0.2520		
	679.0000		0.2520		
	680.0000		0.2520		
	681.0000		0.2520		
	682.0000		0.2520		
	683.0000		0.2520		
	684.0000		0.2520		
	685.0000		0.2520		
	686.0000		0.2520		
	687.0000		0.2520		
	688.0000		0.2520		
	689.0000		0.2520		
	690.0000		0.2520		
	691.0000		0.2510		
	692.0000		0.2500		
	693.0000		0.2500		
	694.0000		0.2500		
	695.0000		0.2500		
	696.0000		0.2500		
	697.0000		0.2500		
	698.0000		0.2500		
	699.0000		0.2500		
	700.0000		0.2500		
	701.0000		0.2500		
	702.0000		0.2500		
	703.0000		0.2500		
	704.0000		0.2502		
	705.0000		0.2512		
	706.0000		0.2504		
	707.0000		0.2500		
	708.0000		0.2500		
	709.0000		0.2500		
	710.0000		0.2479		
	711.0000		0.2470		
	712.0000		0.2470		
	713.0000		0.2470		
	714.0000		0.2468		
	715.0000		0.2464		
	716.0000		0.2454		
	717.0000		0.2450		
	718.0000		0.2450		
	719.0000		0.2450		
	720.0000		0.2450		
	721.0000		0.2450		
	722.0000		0.2450		
	723.0000		0.2450		
	724.0000		0.2450		
	725.0000		0.2450		
	726.0000		0.2450		
	727.0000		0.2450		
	728.0000		0.2450		
	729.0000		0.2447		
	730.0000		0.2450		
	731.0000		0.2450		
	732.0000		0.2450		
	733.0000		0.2450		
	734.0000		0.2450		
	735.0000		0.2450		
	736.0000		0.2435		
	737.0000		0.2420		
	738.0000		0.2420		
	739.0000		0.2420		
	740.0000		0.2420		
	741.0000		0.2420		
	742.0000		0.2420		
	743.0000		0.2410		
	744.0000		0.2400		
	745.0000		0.2400		
	746.0000		0.2400		
	747.0000		0.2400		
	748.0000		0.2400		
	749.0000		0.2400		
	750.0000		0.2400		
	751.0000		0.2400		
	752.0000		0.2400		
	753.0000		0.2400		
	754.0000		0.2385		
	755.0000		0.2370		
	756.0000		0.2370		
	757.0000		0.2370		
	758.0000		0.2370		
	759.0000		0.2370		
	760.0000		0.2370		
	761.0000		0.2370		
	762.0000		0.2370		
	763.0000		0.2370		
	764.0000		0.2370		
	765.0000		0.2370		
	766.0000		0.2370		
	767.0000		0.2370		
	768.0000		0.2368		
	769.0000		0.2366		
	770.0000		0.2370		
	771.0000		0.2368		
	772.0000		0.2366		
	773.0000		0.2362		
	774.0000		0.2354		
	775.0000		0.2356		
	776.0000		0.2356		
	777.0000		0.2354		
	778.0000		0.2356		
	779.0000		0.2352		
	780.0000		0.2352		
	781.0000		0.2350		
	782.0000		0.2350		
	783.0000		0.2352		
	784.0000		0.2356		
	785.0000		0.2362		
	786.0000		0.2364		
	787.0000		0.2362		
	788.0000		0.2350		
	789.0000		0.2350		
	790.0000		0.2350		
	791.0000		0.2350		
	792.0000		0.2350		
	793.0000		0.2350		
	794.0000		0.2354		
	795.0000		0.2362		
	796.0000		0.2370		
	797.0000		0.2370		
	798.0000		0.2370		
	799.0000		0.2368		
	800.0000		0.2356		
	801.0000		0.2354		
	802.0000		0.2350		
	803.0000		0.2350		
	804.0000		0.2350		
	805.0000		0.2350		
	806.0000		0.2350		
	807.0000		0.2354		
	808.0000		0.2350		
	809.0000		0.2350		
	810.0000		0.2350		
	811.0000		0.2352		
	812.0000		0.2352		
	813.0000		0.2350		
	814.0000		0.2350		
	815.0000		0.2354		
	816.0000		0.2360		
	817.0000		0.2360		
	818.0000		0.2368		
	819.0000		0.2370		
	820.0000		0.2370		
	821.0000		0.2370		
	822.0000		0.2370		
	823.0000		0.2370		
	824.0000		0.2370		
	825.0000		0.2370		
	826.0000		0.2370		
	827.0000		0.2364		
	828.0000		0.2350		
	829.0000		0.2350		
	830.0000		0.2350		
	831.0000		0.2350		
	832.0000		0.2344		
	833.0000		0.2323		
	834.0000		0.2320		
	835.0000		0.2320		
	836.0000		0.2323		
	837.0000		0.2341		
	838.0000		0.2350		
	839.0000		0.2350		
	840.0000		0.2350		
	841.0000		0.2362		
	842.0000		0.2370		
	843.0000		0.2370		
	844.0000		0.2370		
	845.0000		0.2370		
	846.0000		0.2370		
	847.0000		0.2370		
	848.0000		0.2366		
	849.0000		0.2350		
	850.0000		0.2350		
	851.0000		0.2350		
	852.0000		0.2350		
	853.0000		0.2338		
	854.0000		0.2320		
	855.0000		0.2320		
	856.0000		0.2320		
	857.0000		0.2320		
	858.0000		0.2323		
	859.0000		0.2326		
	860.0000		0.2344		
	861.0000		0.2350		
	862.0000		0.2350		
	863.0000		0.2350		
	864.0000		0.2350		
	865.0000		0.2360		
	866.0000		0.2370		
	867.0000		0.2370		
	868.0000		0.2370		
	869.0000		0.2370		
	870.0000		0.2370		
	871.0000		0.2370		
	872.0000		0.2370		
	873.0000		0.2370		
	874.0000		0.2370		
	875.0000		0.2370		
	876.0000		0.2370		
	877.0000		0.2370		
	878.0000		0.2370		
	879.0000		0.2370		
	880.0000		0.2370		
	881.0000		0.2370		
	882.0000		0.2370		
	883.0000		0.2370		
	884.0000		0.2370		
	885.0000		0.2370		
	886.0000		0.2370		
	887.0000		0.2370		
	888.0000		0.2370		
	889.0000		0.2370		
	890.0000		0.2370		
	891.0000		0.2370		
	892.0000		0.2370		
	893.0000		0.2370		
	894.0000		0.2370		
	895.0000		0.2370		
	896.0000		0.2370		
	897.0000		0.2370		
	898.0000		0.2370		
	899.0000		0.2370		
END
