	0.0000		0.1920		
	1.0000		0.1920		
	2.0000		0.1920		
	3.0000		0.1920		
	4.0000		0.1920		
	5.0000		0.1920		
	6.0000		0.1918		
	7.0000		0.1906		
	8.0000		0.1900		
	9.0000		0.1900		
	10.0000		0.1900		
	11.0000		0.1900		
	12.0000		0.1900		
	13.0000		0.1900		
	14.0000		0.1908		
	15.0000		0.1907		
	16.0000		0.1815		
	17.0000		0.1808		
	18.0000		0.1826		
	19.0000		0.1850		
	20.0000		0.1866		
	21.0000		0.1870		
	22.0000		0.1900		
	23.0000		0.1908		
	24.0000		0.1920		
	25.0000		0.1920		
	26.0000		0.1923		
	27.0000		0.1947		
	28.0000		0.1950		
	29.0000		0.1950		
	30.0000		0.1950		
	31.0000		0.1950		
	32.0000		0.1950		
	33.0000		0.1950		
	34.0000		0.1950		
	35.0000		0.1950		
	36.0000		0.1950		
	37.0000		0.1950		
	38.0000		0.1950		
	39.0000		0.1950		
	40.0000		0.1950		
	41.0000		0.1926		
	42.0000		0.1920		
	43.0000		0.1916		
	44.0000		0.1900		
	45.0000		0.1900		
	46.0000		0.1900		
	47.0000		0.1900		
	48.0000		0.1891		
	49.0000		0.1873		
	50.0000		0.1870		
	51.0000		0.1870		
	52.0000		0.1870		
	53.0000		0.1870		
	54.0000		0.1870		
	55.0000		0.1870		
	56.0000		0.1870		
	57.0000		0.1870		
	58.0000		0.1870		
	59.0000		0.1870		
	60.0000		0.1870		
	61.0000		0.1876		
	62.0000		0.1876		
	63.0000		0.1888		
	64.0000		0.1897		
	65.0000		0.1900		
	66.0000		0.1900		
	67.0000		0.1900		
	68.0000		0.1902		
	69.0000		0.1914		
	70.0000		0.1920		
	71.0000		0.1920		
	72.0000		0.1920		
	73.0000		0.1920		
	74.0000		0.1920		
	75.0000		0.1920		
	76.0000		0.1920		
	77.0000		0.1920		
	78.0000		0.1920		
	79.0000		0.1920		
	80.0000		0.1918		
	81.0000		0.1906		
	82.0000		0.1902		
	83.0000		0.1900		
	84.0000		0.1900		
	85.0000		0.1900		
	86.0000		0.1900		
	87.0000		0.1900		
	88.0000		0.1900		
	89.0000		0.1906		
	90.0000		0.1916		
	91.0000		0.1912		
	92.0000		0.1916		
	93.0000		0.1918		
	94.0000		0.1918		
	95.0000		0.1918		
	96.0000		0.1920		
	97.0000		0.1920		
	98.0000		0.1920		
	99.0000		0.1920		
	100.0000		0.1920		
	101.0000		0.1920		
	102.0000		0.1920		
	103.0000		0.1920		
	104.0000		0.1920		
	105.0000		0.1920		
	106.0000		0.1920		
	107.0000		0.1920		
	108.0000		0.1920		
	109.0000		0.1906		
	110.0000		0.1900		
	111.0000		0.1900		
	112.0000		0.1900		
	113.0000		0.1900		
	114.0000		0.1900		
	115.0000		0.1900		
	116.0000		0.1900		
	117.0000		0.1885		
	118.0000		0.1870		
	119.0000		0.1870		
	120.0000		0.1870		
	121.0000		0.1870		
	122.0000		0.1870		
	123.0000		0.1870		
	124.0000		0.1870		
	125.0000		0.1870		
	126.0000		0.1870		
	127.0000		0.1876		
	128.0000		0.1897		
	129.0000		0.1900		
	130.0000		0.1900		
	131.0000		0.1900		
	132.0000		0.1900		
	133.0000		0.1900		
	134.0000		0.1900		
	135.0000		0.1900		
	136.0000		0.1900		
	137.0000		0.1902		
	138.0000		0.1914		
	139.0000		0.1920		
	140.0000		0.1920		
	141.0000		0.1920		
	142.0000		0.1920		
	143.0000		0.1920		
	144.0000		0.1920		
	145.0000		0.1920		
	146.0000		0.1920		
	147.0000		0.1920		
	148.0000		0.1920		
	149.0000		0.1920		
	150.0000		0.1920		
	151.0000		0.1920		
	152.0000		0.1920		
	153.0000		0.1920		
	154.0000		0.1920		
	155.0000		0.1920		
	156.0000		0.1923		
	157.0000		0.1923		
	158.0000		0.1920		
	159.0000		0.1935		
	160.0000		0.1932		
	161.0000		0.1935		
	162.0000		0.1941		
	163.0000		0.1947		
	164.0000		0.1950		
	165.0000		0.1950		
	166.0000		0.1950		
	167.0000		0.1950		
	168.0000		0.1950		
	169.0000		0.1950		
	170.0000		0.1950		
	171.0000		0.1950		
	172.0000		0.1954		
	173.0000		0.1970		
	174.0000		0.1970		
	175.0000		0.1968		
	176.0000		0.1952		
	177.0000		0.1950		
	178.0000		0.1950		
	179.0000		0.1950		
	180.0000		0.1950		
	181.0000		0.1950		
	182.0000		0.1950		
	183.0000		0.1950		
	184.0000		0.1950		
	185.0000		0.1950		
	186.0000		0.1952		
	187.0000		0.1968		
	188.0000		0.1958		
	189.0000		0.1958		
	190.0000		0.1958		
	191.0000		0.1962		
	192.0000		0.1956		
	193.0000		0.1962		
	194.0000		0.1954		
	195.0000		0.1952		
	196.0000		0.1950		
	197.0000		0.1944		
	198.0000		0.1920		
	199.0000		0.1920		
	200.0000		0.1923		
	201.0000		0.1923		
	202.0000		0.1920		
	203.0000		0.1920		
	204.0000		0.1912		
	205.0000		0.1900		
	206.0000		0.1900		
	207.0000		0.1873		
	208.0000		0.1870		
	209.0000		0.1870		
	210.0000		0.1870		
	211.0000		0.1868		
	212.0000		0.1870		
	213.0000		0.1870		
	214.0000		0.1870		
	215.0000		0.1870		
	216.0000		0.1870		
	217.0000		0.1870		
	218.0000		0.1870		
	219.0000		0.1870		
	220.0000		0.1870		
	221.0000		0.1870		
	222.0000		0.1870		
	223.0000		0.1870		
	224.0000		0.1870		
	225.0000		0.1870		
	226.0000		0.1870		
	227.0000		0.1894		
	228.0000		0.1900		
	229.0000		0.1900		
	230.0000		0.1900		
	231.0000		0.1914		
	232.0000		0.1920		
	233.0000		0.1920		
	234.0000		0.1920		
	235.0000		0.1920		
	236.0000		0.1920		
	237.0000		0.1920		
	238.0000		0.1920		
	239.0000		0.1920		
	240.0000		0.1920		
	241.0000		0.1910		
	242.0000		0.1900		
	243.0000		0.1900		
	244.0000		0.1900		
	245.0000		0.1900		
	246.0000		0.1900		
	247.0000		0.1900		
	248.0000		0.1900		
	249.0000		0.1900		
	250.0000		0.1900		
	251.0000		0.1900		
	252.0000		0.1900		
	253.0000		0.1900		
	254.0000		0.1900		
	255.0000		0.1891		
	256.0000		0.1891		
	257.0000		0.1876		
	258.0000		0.1870		
	259.0000		0.1870		
	260.0000		0.1876		
	261.0000		0.1888		
	262.0000		0.1900		
	263.0000		0.1900		
	264.0000		0.1900		
	265.0000		0.1900		
	266.0000		0.1904		
	267.0000		0.1920		
	268.0000		0.1920		
	269.0000		0.1920		
	270.0000		0.1920		
	271.0000		0.1920		
	272.0000		0.1938		
	273.0000		0.1932		
	274.0000		0.1941		
	275.0000		0.1935		
	276.0000		0.1929		
	277.0000		0.1920		
	278.0000		0.1920		
	279.0000		0.1920		
	280.0000		0.1920		
	281.0000		0.1901		
	282.0000		0.1794		
	283.0000		0.1810		
	284.0000		0.1820		
	285.0000		0.1838		
	286.0000		0.1850		
	287.0000		0.1850		
	288.0000		0.1866		
	289.0000		0.1870		
	290.0000		0.1870		
	291.0000		0.1870		
	292.0000		0.1870		
	293.0000		0.1870		
	294.0000		0.1870		
	295.0000		0.1870		
	296.0000		0.1870		
	297.0000		0.1870		
	298.0000		0.1900		
	299.0000		0.1900		
	300.0000		0.1910		
	301.0000		0.1918		
	302.0000		0.1920		
	303.0000		0.1920		
	304.0000		0.1920		
	305.0000		0.1920		
	306.0000		0.1920		
	307.0000		0.1920		
	308.0000		0.1920		
	309.0000		0.1920		
	310.0000		0.1920		
	311.0000		0.1920		
	312.0000		0.1920		
	313.0000		0.1920		
	314.0000		0.1916		
	315.0000		0.1914		
	316.0000		0.1918		
	317.0000		0.1918		
	318.0000		0.1920		
	319.0000		0.1920		
	320.0000		0.1920		
	321.0000		0.1920		
	322.0000		0.1920		
	323.0000		0.1920		
	324.0000		0.1920		
	325.0000		0.1920		
	326.0000		0.1920		
	327.0000		0.1920		
	328.0000		0.1920		
	329.0000		0.1920		
	330.0000		0.1920		
	331.0000		0.1918		
	332.0000		0.1908		
	333.0000		0.1900		
	334.0000		0.1900		
	335.0000		0.1900		
	336.0000		0.1900		
	337.0000		0.1900		
	338.0000		0.1900		
	339.0000		0.1900		
	340.0000		0.1912		
	341.0000		0.1920		
	342.0000		0.1920		
	343.0000		0.1920		
	344.0000		0.1920		
	345.0000		0.1920		
	346.0000		0.1938		
	347.0000		0.1950		
	348.0000		0.1950		
	349.0000		0.1962		
	350.0000		0.1970		
	351.0000		0.1970		
	352.0000		0.1970		
	353.0000		0.1970		
	354.0000		0.1970		
	355.0000		0.1982		
	356.0000		0.1985		
	357.0000		0.1973		
	358.0000		0.1970		
	359.0000		0.1970		
	360.0000		0.1970		
	361.0000		0.1970		
	362.0000		0.1970		
	363.0000		0.1970		
	364.0000		0.1968		
	365.0000		0.1950		
	366.0000		0.1950		
	367.0000		0.1947		
	368.0000		0.1920		
	369.0000		0.1920		
	370.0000		0.1920		
	371.0000		0.1920		
	372.0000		0.1920		
	373.0000		0.1920		
	374.0000		0.1920		
	375.0000		0.1920		
	376.0000		0.1920		
	377.0000		0.1920		
	378.0000		0.1920		
	379.0000		0.1920		
	380.0000		0.1935		
	381.0000		0.1947		
	382.0000		0.1950		
	383.0000		0.1954		
	384.0000		0.1970		
	385.0000		0.1970		
	386.0000		0.1970		
	387.0000		0.1970		
	388.0000		0.1970		
	389.0000		0.1997		
	390.0000		0.2000		
	391.0000		0.2000		
	392.0000		0.2000		
	393.0000		0.2000		
	394.0000		0.1994		
	395.0000		0.1976		
	396.0000		0.1985		
	397.0000		0.1982		
	398.0000		0.1970		
	399.0000		0.1970		
	400.0000		0.1970		
	401.0000		0.1970		
	402.0000		0.1970		
	403.0000		0.1970		
	404.0000		0.1970		
	405.0000		0.1970		
	406.0000		0.1962		
	407.0000		0.1950		
	408.0000		0.1950		
	409.0000		0.1950		
	410.0000		0.1950		
	411.0000		0.1950		
	412.0000		0.1950		
	413.0000		0.1950		
	414.0000		0.1950		
	415.0000		0.1950		
	416.0000		0.1950		
	417.0000		0.1950		
	418.0000		0.1950		
	419.0000		0.1952		
	420.0000		0.1960		
	421.0000		0.1970		
	422.0000		0.1970		
	423.0000		0.1970		
	424.0000		0.1970		
	425.0000		0.1970		
	426.0000		0.1970		
	427.0000		0.1970		
	428.0000		0.1970		
	429.0000		0.1970		
	430.0000		0.1970		
	431.0000		0.1970		
	432.0000		0.1970		
	433.0000		0.1970		
	434.0000		0.1970		
	435.0000		0.1970		
	436.0000		0.1970		
	437.0000		0.1970		
	438.0000		0.1970		
	439.0000		0.1970		
	440.0000		0.1970		
	441.0000		0.1970		
	442.0000		0.1970		
	443.0000		0.1985		
	444.0000		0.1997		
	445.0000		0.2000		
	446.0000		0.2000		
	447.0000		0.2000		
	448.0000		0.2000		
	449.0000		0.2000		
	450.0000		0.2000		
	451.0000		0.1988		
	452.0000		0.1979		
	453.0000		0.1970		
	454.0000		0.1970		
	455.0000		0.1970		
	456.0000		0.1970		
	457.0000		0.1958		
	458.0000		0.1950		
	459.0000		0.1935		
	460.0000		0.1920		
	461.0000		0.1920		
	462.0000		0.1920		
	463.0000		0.1906		
	464.0000		0.1902		
	465.0000		0.1902		
	466.0000		0.1902		
	467.0000		0.1920		
	468.0000		0.1920		
	469.0000		0.1920		
	470.0000		0.1920		
	471.0000		0.1923		
	472.0000		0.1950		
	473.0000		0.1950		
	474.0000		0.1960		
	475.0000		0.1970		
	476.0000		0.1970		
	477.0000		0.1970		
	478.0000		0.1991		
	479.0000		0.2000		
	480.0000		0.2000		
	481.0000		0.2002		
	482.0000		0.2020		
	483.0000		0.2020		
	484.0000		0.2020		
	485.0000		0.2020		
	486.0000		0.2020		
	487.0000		0.2004		
	488.0000		0.2000		
	489.0000		0.1973		
	490.0000		0.1970		
	491.0000		0.1970		
	492.0000		0.1958		
	493.0000		0.1950		
	494.0000		0.1926		
	495.0000		0.1920		
	496.0000		0.1920		
	497.0000		0.1904		
	498.0000		0.1900		
	499.0000		0.1900		
	500.0000		0.1879		
	501.0000		0.1870		
	502.0000		0.1870		
	503.0000		0.1870		
	504.0000		0.1870		
	505.0000		0.1870		
	506.0000		0.1870		
	507.0000		0.1870		
	508.0000		0.1870		
	509.0000		0.1870		
	510.0000		0.1870		
	511.0000		0.1870		
	512.0000		0.1873		
	513.0000		0.1894		
	514.0000		0.1900		
	515.0000		0.1900		
	516.0000		0.1900		
	517.0000		0.1900		
	518.0000		0.1900		
	519.0000		0.1900		
	520.0000		0.1900		
	521.0000		0.1900		
	522.0000		0.1894		
	523.0000		0.1879		
	524.0000		0.1870		
	525.0000		0.1870		
	526.0000		0.1870		
	527.0000		0.1870		
	528.0000		0.1870		
	529.0000		0.1868		
	530.0000		0.1870		
	531.0000		0.1870		
	532.0000		0.1870		
	533.0000		0.1876		
	534.0000		0.1900		
	535.0000		0.1906		
	536.0000		0.1920		
	537.0000		0.1941		
	538.0000		0.1960		
	539.0000		0.1970		
	540.0000		0.1988		
	541.0000		0.2000		
	542.0000		0.2020		
	543.0000		0.2020		
	544.0000		0.2020		
	545.0000		0.2050		
	546.0000		0.2050		
	547.0000		0.2050		
	548.0000		0.2050		
	549.0000		0.2035		
	550.0000		0.2020		
	551.0000		0.2020		
	552.0000		0.2016		
	553.0000		0.2000		
	554.0000		0.1994		
	555.0000		0.1970		
	556.0000		0.1970		
	557.0000		0.1954		
	558.0000		0.1938		
	559.0000		0.1920		
	560.0000		0.1920		
	561.0000		0.1918		
	562.0000		0.1900		
	563.0000		0.1900		
	564.0000		0.1900		
	565.0000		0.1900		
	566.0000		0.1900		
	567.0000		0.1916		
	568.0000		0.1926		
	569.0000		0.1952		
	570.0000		0.1970		
	571.0000		0.2004		
	572.0000		0.2045		
	573.0000		0.2090		
	574.0000		0.2145		
	575.0000		0.2197		
	576.0000		0.2260		
	577.0000		0.2323		
	578.0000		0.2377		
	579.0000		0.2430		
	580.0000		0.2487		
	581.0000		0.2540		
	582.0000		0.2582		
	583.0000		0.2627		
	584.0000		0.2666		
	585.0000		0.2691		
	586.0000		0.2700		
	587.0000		0.2700		
	588.0000		0.2688		
	589.0000		0.2670		
	590.0000		0.2656		
	591.0000		0.2621		
	592.0000		0.2599		
	593.0000		0.2562		
	594.0000		0.2524		
	595.0000		0.2482		
	596.0000		0.2443		
	597.0000		0.2408		
	598.0000		0.2379		
	599.0000		0.2355		
	600.0000		0.2310		
	601.0000		0.2276		
	602.0000		0.2235		
	603.0000		0.2206		
	604.0000		0.2168		
	605.0000		0.2144		
	606.0000		0.2112		
	607.0000		0.2088		
	608.0000		0.2070		
	609.0000		0.2050		
	610.0000		0.2020		
	611.0000		0.2006		
	612.0000		0.1994		
	613.0000		0.1970		
	614.0000		0.1970		
	615.0000		0.1952		
	616.0000		0.1938		
	617.0000		0.1920		
	618.0000		0.1920		
	619.0000		0.1906		
	620.0000		0.1900		
	621.0000		0.1882		
	622.0000		0.1870		
	623.0000		0.1870		
	624.0000		0.1870		
	625.0000		0.1854		
	626.0000		0.1850		
	627.0000		0.1850		
	628.0000		0.1850		
	629.0000		0.1850		
	630.0000		0.1850		
	631.0000		0.1850		
	632.0000		0.1832		
	633.0000		0.1820		
	634.0000		0.1820		
	635.0000		0.1820		
	636.0000		0.1820		
	637.0000		0.1814		
	638.0000		0.1804		
	639.0000		0.1800		
	640.0000		0.1800		
	641.0000		0.1800		
	642.0000		0.1800		
	643.0000		0.1800		
	644.0000		0.1800		
	645.0000		0.1800		
	646.0000		0.1800		
	647.0000		0.1800		
	648.0000		0.1800		
	649.0000		0.1800		
	650.0000		0.1800		
	651.0000		0.1800		
	652.0000		0.1800		
	653.0000		0.1788		
	654.0000		0.1791		
	655.0000		0.1797		
	656.0000		0.1800		
	657.0000		0.1800		
	658.0000		0.1806		
	659.0000		0.1820		
	660.0000		0.1820		
	661.0000		0.1820		
	662.0000		0.1820		
	663.0000		0.1820		
	664.0000		0.1820		
	665.0000		0.1820		
	666.0000		0.1841		
	667.0000		0.1850		
	668.0000		0.1850		
	669.0000		0.1850		
	670.0000		0.1864		
	671.0000		0.1870		
	672.0000		0.1870		
	673.0000		0.1870		
	674.0000		0.1870		
	675.0000		0.1870		
	676.0000		0.1870		
	677.0000		0.1879		
	678.0000		0.1897		
	679.0000		0.1900		
	680.0000		0.1900		
	681.0000		0.1900		
	682.0000		0.1900		
	683.0000		0.1900		
	684.0000		0.1900		
	685.0000		0.1900		
	686.0000		0.1900		
	687.0000		0.1900		
	688.0000		0.1900		
	689.0000		0.1900		
	690.0000		0.1900		
	691.0000		0.1900		
	692.0000		0.1900		
	693.0000		0.1900		
	694.0000		0.1900		
	695.0000		0.1900		
	696.0000		0.1900		
	697.0000		0.1900		
	698.0000		0.1900		
	699.0000		0.1900		
	700.0000		0.1900		
	701.0000		0.1894		
	702.0000		0.1900		
	703.0000		0.1900		
	704.0000		0.1900		
	705.0000		0.1900		
	706.0000		0.1900		
	707.0000		0.1900		
	708.0000		0.1900		
	709.0000		0.1900		
	710.0000		0.1900		
	711.0000		0.1916		
	712.0000		0.1920		
	713.0000		0.1920		
	714.0000		0.1920		
	715.0000		0.1920		
	716.0000		0.1920		
	717.0000		0.1908		
	718.0000		0.1900		
	719.0000		0.1900		
	720.0000		0.1900		
	721.0000		0.1900		
	722.0000		0.1900		
	723.0000		0.1900		
	724.0000		0.1900		
	725.0000		0.1900		
	726.0000		0.1900		
	727.0000		0.1900		
	728.0000		0.1900		
	729.0000		0.1900		
	730.0000		0.1900		
	731.0000		0.1900		
	732.0000		0.1900		
	733.0000		0.1900		
	734.0000		0.1900		
	735.0000		0.1910		
	736.0000		0.1920		
	737.0000		0.1920		
	738.0000		0.1920		
	739.0000		0.1920		
	740.0000		0.1920		
	741.0000		0.1920		
	742.0000		0.1920		
	743.0000		0.1920		
	744.0000		0.1920		
	745.0000		0.1920		
	746.0000		0.1920		
	747.0000		0.1920		
	748.0000		0.1920		
	749.0000		0.1920		
	750.0000		0.1920		
	751.0000		0.1920		
	752.0000		0.1920		
	753.0000		0.1920		
	754.0000		0.1920		
	755.0000		0.1920		
	756.0000		0.1920		
	757.0000		0.1920		
	758.0000		0.1920		
	759.0000		0.1920		
	760.0000		0.1920		
	761.0000		0.1920		
	762.0000		0.1920		
	763.0000		0.1920		
	764.0000		0.1920		
	765.0000		0.1920		
	766.0000		0.1920		
	767.0000		0.1920		
	768.0000		0.1920		
	769.0000		0.1920		
	770.0000		0.1920		
	771.0000		0.1920		
	772.0000		0.1920		
	773.0000		0.1920		
	774.0000		0.1920		
	775.0000		0.1920		
	776.0000		0.1920		
	777.0000		0.1920		
	778.0000		0.1920		
	779.0000		0.1920		
	780.0000		0.1920		
	781.0000		0.1920		
	782.0000		0.1920		
	783.0000		0.1920		
	784.0000		0.1920		
	785.0000		0.1920		
	786.0000		0.1920		
	787.0000		0.1920		
	788.0000		0.1920		
	789.0000		0.1920		
	790.0000		0.1920		
	791.0000		0.1920		
	792.0000		0.1920		
	793.0000		0.1920		
	794.0000		0.1920		
	795.0000		0.1920		
	796.0000		0.1920		
	797.0000		0.1920		
	798.0000		0.1920		
	799.0000		0.1920		
	800.0000		0.1920		
	801.0000		0.1920		
	802.0000		0.1920		
	803.0000		0.1920		
	804.0000		0.1920		
	805.0000		0.1920		
	806.0000		0.1920		
	807.0000		0.1920		
	808.0000		0.1920		
	809.0000		0.1920		
	810.0000		0.1920		
	811.0000		0.1920		
	812.0000		0.1920		
	813.0000		0.1920		
	814.0000		0.1920		
	815.0000		0.1920		
	816.0000		0.1920		
	817.0000		0.1926		
	818.0000		0.1950		
	819.0000		0.1950		
	820.0000		0.1950		
	821.0000		0.1950		
	822.0000		0.1950		
	823.0000		0.1950		
	824.0000		0.1952		
	825.0000		0.1956		
	826.0000		0.1958		
	827.0000		0.1954		
	828.0000		0.1950		
	829.0000		0.1950		
	830.0000		0.1950		
	831.0000		0.1950		
	832.0000		0.1950		
	833.0000		0.1950		
	834.0000		0.1950		
	835.0000		0.1950		
	836.0000		0.1950		
	837.0000		0.1950		
	838.0000		0.1950		
	839.0000		0.1950		
	840.0000		0.1950		
	841.0000		0.1947		
	842.0000		0.1926		
	843.0000		0.1920		
	844.0000		0.1920		
	845.0000		0.1920		
	846.0000		0.1920		
	847.0000		0.1920		
	848.0000		0.1920		
	849.0000		0.1920		
	850.0000		0.1920		
	851.0000		0.1923		
	852.0000		0.1923		
	853.0000		0.1944		
	854.0000		0.1950		
	855.0000		0.1950		
	856.0000		0.1950		
	857.0000		0.1950		
	858.0000		0.1950		
	859.0000		0.1950		
	860.0000		0.1950		
	861.0000		0.1950		
	862.0000		0.1950		
	863.0000		0.1950		
	864.0000		0.1950		
	865.0000		0.1950		
	866.0000		0.1950		
	867.0000		0.1950		
	868.0000		0.1950		
	869.0000		0.1950		
	870.0000		0.1950		
	871.0000		0.1950		
	872.0000		0.1950		
	873.0000		0.1950		
	874.0000		0.1950		
	875.0000		0.1950		
	876.0000		0.1950		
	877.0000		0.1950		
	878.0000		0.1950		
	879.0000		0.1944		
	880.0000		0.1935		
	881.0000		0.1938		
	882.0000		0.1932		
	883.0000		0.1926		
	884.0000		0.1920		
	885.0000		0.1920		
	886.0000		0.1920		
	887.0000		0.1920		
	888.0000		0.1920		
	889.0000		0.1920		
	890.0000		0.1920		
	891.0000		0.1920		
	892.0000		0.1920		
	893.0000		0.1920		
	894.0000		0.1920		
	895.0000		0.1920		
	896.0000		0.1920		
	897.0000		0.1920		
	898.0000		0.1920		
	899.0000		0.1929		