IGOR
X| Tue May 30 20:34:59 2017
X|   0.000000000000 0 X|
X|   0.000000000000 0 X|
X|   0.000000000000 0 X|
X|   0.000000000000 0 X|
X| data_type 	 num_points 	 num_chans 	 shots_per_read 	 reads_per_point 	 num_sweeps
X|      0   			  900   		     1    		   30  		    10     			   1
WAVES	  XDATA  Z1DATA	 
BEGIN
	0.0000		-0.0488		
	1.0000		-0.0454		
	2.0000		-0.0414		
	3.0000		-0.0379		
	4.0000		-0.0362		
	5.0000		-0.0344		
	6.0000		-0.0320		
	7.0000		-0.0314		
	8.0000		-0.0300		
	9.0000		-0.0276		
	10.0000		-0.0270		
	11.0000		-0.0258		
	12.0000		-0.0250		
	13.0000		-0.0250		
	14.0000		-0.0250		
	15.0000		-0.0250		
	16.0000		-0.0250		
	17.0000		-0.0252		
	18.0000		-0.0270		
	19.0000		-0.0270		
	20.0000		-0.0270		
	21.0000		-0.0270		
	22.0000		-0.0264		
	23.0000		-0.0260		
	24.0000		-0.0250		
	25.0000		-0.0250		
	26.0000		-0.0250		
	27.0000		-0.0250		
	28.0000		-0.0244		
	29.0000		-0.0220		
	30.0000		-0.0220		
	31.0000		-0.0218		
	32.0000		-0.0206		
	33.0000		-0.0200		
	34.0000		-0.0200		
	35.0000		-0.0200		
	36.0000		-0.0200		
	37.0000		-0.0200		
	38.0000		-0.0200		
	39.0000		-0.0200		
	40.0000		-0.0200		
	41.0000		-0.0200		
	42.0000		-0.0202		
	43.0000		-0.0204		
	44.0000		-0.0202		
	45.0000		-0.0200		
	46.0000		-0.0202		
	47.0000		-0.0220		
	48.0000		-0.0220		
	49.0000		-0.0220		
	50.0000		-0.0220		
	51.0000		-0.0220		
	52.0000		-0.0220		
	53.0000		-0.0220		
	54.0000		-0.0220		
	55.0000		-0.0223		
	56.0000		-0.0226		
	57.0000		-0.0250		
	58.0000		-0.0250		
	59.0000		-0.0244		
	60.0000		-0.0232		
	61.0000		-0.0223		
	62.0000		-0.0250		
	63.0000		-0.0232		
	64.0000		-0.0238		
	65.0000		-0.0238		
	66.0000		-0.0226		
	67.0000		-0.0235		
	68.0000		-0.0250		
	69.0000		-0.0250		
	70.0000		-0.0244		
	71.0000		-0.0220		
	72.0000		-0.0220		
	73.0000		-0.0220		
	74.0000		-0.0220		
	75.0000		-0.0220		
	76.0000		-0.0220		
	77.0000		-0.0220		
	78.0000		-0.0232		
	79.0000		-0.0220		
	80.0000		-0.0226		
	81.0000		-0.0220		
	82.0000		-0.0250		
	83.0000		-0.0250		
	84.0000		-0.0250		
	85.0000		-0.0250		
	86.0000		-0.0250		
	87.0000		-0.0250		
	88.0000		-0.0250		
	89.0000		-0.0250		
	90.0000		-0.0250		
	91.0000		-0.0244		
	92.0000		-0.0223		
	93.0000		-0.0220		
	94.0000		-0.0220		
	95.0000		-0.0220		
	96.0000		-0.0208		
	97.0000		-0.0204		
	98.0000		-0.0204		
	99.0000		-0.0214		
	100.0000		-0.0216		
	101.0000		-0.0208		
	102.0000		-0.0216		
	103.0000		-0.0216		
	104.0000		-0.0220		
	105.0000		-0.0220		
	106.0000		-0.0220		
	107.0000		-0.0220		
	108.0000		-0.0220		
	109.0000		-0.0220		
	110.0000		-0.0220		
	111.0000		-0.0220		
	112.0000		-0.0229		
	113.0000		-0.0223		
	114.0000		-0.0220		
	115.0000		-0.0220		
	116.0000		-0.0220		
	117.0000		-0.0220		
	118.0000		-0.0220		
	119.0000		-0.0220		
	120.0000		-0.0220		
	121.0000		-0.0220		
	122.0000		-0.0220		
	123.0000		-0.0220		
	124.0000		-0.0220		
	125.0000		-0.0220		
	126.0000		-0.0220		
	127.0000		-0.0220		
	128.0000		-0.0220		
	129.0000		-0.0216		
	130.0000		-0.0214		
	131.0000		-0.0202		
	132.0000		-0.0204		
	133.0000		-0.0200		
	134.0000		-0.0200		
	135.0000		-0.0202		
	136.0000		-0.0212		
	137.0000		-0.0220		
	138.0000		-0.0218		
	139.0000		-0.0200		
	140.0000		-0.0214		
	141.0000		-0.0216		
	142.0000		-0.0212		
	143.0000		-0.0206		
	144.0000		-0.0200		
	145.0000		-0.0204		
	146.0000		-0.0212		
	147.0000		-0.0220		
	148.0000		-0.0216		
	149.0000		-0.0202		
	150.0000		-0.0200		
	151.0000		-0.0200		
	152.0000		-0.0214		
	153.0000		-0.0220		
	154.0000		-0.0220		
	155.0000		-0.0220		
	156.0000		-0.0220		
	157.0000		-0.0220		
	158.0000		-0.0220		
	159.0000		-0.0220		
	160.0000		-0.0220		
	161.0000		-0.0220		
	162.0000		-0.0220		
	163.0000		-0.0220		
	164.0000		-0.0220		
	165.0000		-0.0232		
	166.0000		-0.0241		
	167.0000		-0.0223		
	168.0000		-0.0220		
	169.0000		-0.0220		
	170.0000		-0.0220		
	171.0000		-0.0232		
	172.0000		-0.0250		
	173.0000		-0.0250		
	174.0000		-0.0250		
	175.0000		-0.0250		
	176.0000		-0.0250		
	177.0000		-0.0250		
	178.0000		-0.0250		
	179.0000		-0.0250		
	180.0000		-0.0250		
	181.0000		-0.0250		
	182.0000		-0.0250		
	183.0000		-0.0250		
	184.0000		-0.0247		
	185.0000		-0.0247		
	186.0000		-0.0247		
	187.0000		-0.0226		
	188.0000		-0.0223		
	189.0000		-0.0250		
	190.0000		-0.0250		
	191.0000		-0.0250		
	192.0000		-0.0262		
	193.0000		-0.0260		
	194.0000		-0.0254		
	195.0000		-0.0266		
	196.0000		-0.0270		
	197.0000		-0.0256		
	198.0000		-0.0250		
	199.0000		-0.0250		
	200.0000		-0.0247		
	201.0000		-0.0250		
	202.0000		-0.0250		
	203.0000		-0.0250		
	204.0000		-0.0235		
	205.0000		-0.0220		
	206.0000		-0.0220		
	207.0000		-0.0220		
	208.0000		-0.0220		
	209.0000		-0.0220		
	210.0000		-0.0220		
	211.0000		-0.0220		
	212.0000		-0.0220		
	213.0000		-0.0220		
	214.0000		-0.0220		
	215.0000		-0.0220		
	216.0000		-0.0220		
	217.0000		-0.0220		
	218.0000		-0.0220		
	219.0000		-0.0241		
	220.0000		-0.0262		
	221.0000		-0.0270		
	222.0000		-0.0270		
	223.0000		-0.0270		
	224.0000		-0.0264		
	225.0000		-0.0250		
	226.0000		-0.0250		
	227.0000		-0.0241		
	228.0000		-0.0244		
	229.0000		-0.0244		
	230.0000		-0.0250		
	231.0000		-0.0250		
	232.0000		-0.0250		
	233.0000		-0.0250		
	234.0000		-0.0250		
	235.0000		-0.0250		
	236.0000		-0.0250		
	237.0000		-0.0250		
	238.0000		-0.0250		
	239.0000		-0.0262		
	240.0000		-0.0270		
	241.0000		-0.0250		
	242.0000		-0.0250		
	243.0000		-0.0250		
	244.0000		-0.0250		
	245.0000		-0.0250		
	246.0000		-0.0250		
	247.0000		-0.0250		
	248.0000		-0.0250		
	249.0000		-0.0244		
	250.0000		-0.0226		
	251.0000		-0.0238		
	252.0000		-0.0235		
	253.0000		-0.0229		
	254.0000		-0.0220		
	255.0000		-0.0220		
	256.0000		-0.0226		
	257.0000		-0.0238		
	258.0000		-0.0235		
	259.0000		-0.0220		
	260.0000		-0.0220		
	261.0000		-0.0220		
	262.0000		-0.0220		
	263.0000		-0.0220		
	264.0000		-0.0220		
	265.0000		-0.0220		
	266.0000		-0.0220		
	267.0000		-0.0220		
	268.0000		-0.0208		
	269.0000		-0.0204		
	270.0000		-0.0200		
	271.0000		-0.0200		
	272.0000		-0.0218		
	273.0000		-0.0220		
	274.0000		-0.0220		
	275.0000		-0.0220		
	276.0000		-0.0220		
	277.0000		-0.0220		
	278.0000		-0.0220		
	279.0000		-0.0220		
	280.0000		-0.0232		
	281.0000		-0.0220		
	282.0000		-0.0232		
	283.0000		-0.0247		
	284.0000		-0.0244		
	285.0000		-0.0238		
	286.0000		-0.0226		
	287.0000		-0.0220		
	288.0000		-0.0220		
	289.0000		-0.0220		
	290.0000		-0.0220		
	291.0000		-0.0220		
	292.0000		-0.0220		
	293.0000		-0.0235		
	294.0000		-0.0250		
	295.0000		-0.0250		
	296.0000		-0.0252		
	297.0000		-0.0266		
	298.0000		-0.0270		
	299.0000		-0.0270		
	300.0000		-0.0270		
	301.0000		-0.0270		
	302.0000		-0.0270		
	303.0000		-0.0270		
	304.0000		-0.0270		
	305.0000		-0.0256		
	306.0000		-0.0250		
	307.0000		-0.0250		
	308.0000		-0.0250		
	309.0000		-0.0250		
	310.0000		-0.0250		
	311.0000		-0.0250		
	312.0000		-0.0250		
	313.0000		-0.0250		
	314.0000		-0.0250		
	315.0000		-0.0250		
	316.0000		-0.0250		
	317.0000		-0.0247		
	318.0000		-0.0229		
	319.0000		-0.0220		
	320.0000		-0.0220		
	321.0000		-0.0220		
	322.0000		-0.0220		
	323.0000		-0.0220		
	324.0000		-0.0220		
	325.0000		-0.0220		
	326.0000		-0.0220		
	327.0000		-0.0220		
	328.0000		-0.0220		
	329.0000		-0.0220		
	330.0000		-0.0206		
	331.0000		-0.0200		
	332.0000		-0.0200		
	333.0000		-0.0200		
	334.0000		-0.0200		
	335.0000		-0.0210		
	336.0000		-0.0206		
	337.0000		-0.0202		
	338.0000		-0.0200		
	339.0000		-0.0200		
	340.0000		-0.0176		
	341.0000		-0.0170		
	342.0000		-0.0170		
	343.0000		-0.0164		
	344.0000		-0.0156		
	345.0000		-0.0166		
	346.0000		-0.0170		
	347.0000		-0.0170		
	348.0000		-0.0170		
	349.0000		-0.0170		
	350.0000		-0.0170		
	351.0000		-0.0170		
	352.0000		-0.0173		
	353.0000		-0.0176		
	354.0000		-0.0170		
	355.0000		-0.0170		
	356.0000		-0.0170		
	357.0000		-0.0170		
	358.0000		-0.0166		
	359.0000		-0.0164		
	360.0000		-0.0170		
	361.0000		-0.0170		
	362.0000		-0.0170		
	363.0000		-0.0170		
	364.0000		-0.0170		
	365.0000		-0.0170		
	366.0000		-0.0170		
	367.0000		-0.0170		
	368.0000		-0.0170		
	369.0000		-0.0170		
	370.0000		-0.0170		
	371.0000		-0.0170		
	372.0000		-0.0170		
	373.0000		-0.0162		
	374.0000		-0.0156		
	375.0000		-0.0162		
	376.0000		-0.0150		
	377.0000		-0.0150		
	378.0000		-0.0150		
	379.0000		-0.0147		
	380.0000		-0.0132		
	381.0000		-0.0123		
	382.0000		-0.0120		
	383.0000		-0.0120		
	384.0000		-0.0120		
	385.0000		-0.0120		
	386.0000		-0.0120		
	387.0000		-0.0120		
	388.0000		-0.0120		
	389.0000		-0.0120		
	390.0000		-0.0120		
	391.0000		-0.0120		
	392.0000		-0.0120		
	393.0000		-0.0120		
	394.0000		-0.0120		
	395.0000		-0.0132		
	396.0000		-0.0150		
	397.0000		-0.0150		
	398.0000		-0.0150		
	399.0000		-0.0150		
	400.0000		-0.0150		
	401.0000		-0.0147		
	402.0000		-0.0144		
	403.0000		-0.0144		
	404.0000		-0.0150		
	405.0000		-0.0150		
	406.0000		-0.0150		
	407.0000		-0.0150		
	408.0000		-0.0158		
	409.0000		-0.0170		
	410.0000		-0.0170		
	411.0000		-0.0170		
	412.0000		-0.0170		
	413.0000		-0.0170		
	414.0000		-0.0170		
	415.0000		-0.0170		
	416.0000		-0.0156		
	417.0000		-0.0152		
	418.0000		-0.0154		
	419.0000		-0.0168		
	420.0000		-0.0170		
	421.0000		-0.0170		
	422.0000		-0.0170		
	423.0000		-0.0170		
	424.0000		-0.0166		
	425.0000		-0.0154		
	426.0000		-0.0164		
	427.0000		-0.0156		
	428.0000		-0.0164		
	429.0000		-0.0154		
	430.0000		-0.0150		
	431.0000		-0.0150		
	432.0000		-0.0144		
	433.0000		-0.0123		
	434.0000		-0.0120		
	435.0000		-0.0123		
	436.0000		-0.0129		
	437.0000		-0.0135		
	438.0000		-0.0144		
	439.0000		-0.0150		
	440.0000		-0.0150		
	441.0000		-0.0150		
	442.0000		-0.0150		
	443.0000		-0.0150		
	444.0000		-0.0150		
	445.0000		-0.0150		
	446.0000		-0.0150		
	447.0000		-0.0150		
	448.0000		-0.0144		
	449.0000		-0.0123		
	450.0000		-0.0120		
	451.0000		-0.0120		
	452.0000		-0.0114		
	453.0000		-0.0104		
	454.0000		-0.0100		
	455.0000		-0.0100		
	456.0000		-0.0100		
	457.0000		-0.0100		
	458.0000		-0.0100		
	459.0000		-0.0104		
	460.0000		-0.0120		
	461.0000		-0.0120		
	462.0000		-0.0120		
	463.0000		-0.0120		
	464.0000		-0.0120		
	465.0000		-0.0120		
	466.0000		-0.0120		
	467.0000		-0.0120		
	468.0000		-0.0120		
	469.0000		-0.0120		
	470.0000		-0.0126		
	471.0000		-0.0138		
	472.0000		-0.0129		
	473.0000		-0.0150		
	474.0000		-0.0147		
	475.0000		-0.0150		
	476.0000		-0.0150		
	477.0000		-0.0150		
	478.0000		-0.0150		
	479.0000		-0.0162		
	480.0000		-0.0160		
	481.0000		-0.0150		
	482.0000		-0.0150		
	483.0000		-0.0150		
	484.0000		-0.0150		
	485.0000		-0.0150		
	486.0000		-0.0150		
	487.0000		-0.0144		
	488.0000		-0.0150		
	489.0000		-0.0150		
	490.0000		-0.0150		
	491.0000		-0.0162		
	492.0000		-0.0168		
	493.0000		-0.0160		
	494.0000		-0.0150		
	495.0000		-0.0150		
	496.0000		-0.0150		
	497.0000		-0.0150		
	498.0000		-0.0150		
	499.0000		-0.0150		
	500.0000		-0.0132		
	501.0000		-0.0129		
	502.0000		-0.0126		
	503.0000		-0.0123		
	504.0000		-0.0120		
	505.0000		-0.0120		
	506.0000		-0.0120		
	507.0000		-0.0120		
	508.0000		-0.0147		
	509.0000		-0.0150		
	510.0000		-0.0150		
	511.0000		-0.0150		
	512.0000		-0.0164		
	513.0000		-0.0170		
	514.0000		-0.0170		
	515.0000		-0.0170		
	516.0000		-0.0170		
	517.0000		-0.0170		
	518.0000		-0.0170		
	519.0000		-0.0162		
	520.0000		-0.0150		
	521.0000		-0.0150		
	522.0000		-0.0126		
	523.0000		-0.0120		
	524.0000		-0.0120		
	525.0000		-0.0112		
	526.0000		-0.0100		
	527.0000		-0.0100		
	528.0000		-0.0100		
	529.0000		-0.0100		
	530.0000		-0.0100		
	531.0000		-0.0100		
	532.0000		-0.0100		
	533.0000		-0.0100		
	534.0000		-0.0100		
	535.0000		-0.0100		
	536.0000		-0.0106		
	537.0000		-0.0118		
	538.0000		-0.0120		
	539.0000		-0.0120		
	540.0000		-0.0120		
	541.0000		-0.0123		
	542.0000		-0.0144		
	543.0000		-0.0150		
	544.0000		-0.0150		
	545.0000		-0.0150		
	546.0000		-0.0150		
	547.0000		-0.0150		
	548.0000		-0.0150		
	549.0000		-0.0150		
	550.0000		-0.0150		
	551.0000		-0.0147		
	552.0000		-0.0120		
	553.0000		-0.0120		
	554.0000		-0.0120		
	555.0000		-0.0120		
	556.0000		-0.0120		
	557.0000		-0.0120		
	558.0000		-0.0120		
	559.0000		-0.0118		
	560.0000		-0.0120		
	561.0000		-0.0120		
	562.0000		-0.0120		
	563.0000		-0.0120		
	564.0000		-0.0120		
	565.0000		-0.0120		
	566.0000		-0.0120		
	567.0000		-0.0120		
	568.0000		-0.0120		
	569.0000		-0.0120		
	570.0000		-0.0112		
	571.0000		-0.0100		
	572.0000		-0.0100		
	573.0000		-0.0094		
	574.0000		-0.0073		
	575.0000		-0.0070		
	576.0000		-0.0070		
	577.0000		-0.0076		
	578.0000		-0.0100		
	579.0000		-0.0100		
	580.0000		-0.0100		
	581.0000		-0.0118		
	582.0000		-0.0120		
	583.0000		-0.0120		
	584.0000		-0.0120		
	585.0000		-0.0120		
	586.0000		-0.0120		
	587.0000		-0.0120		
	588.0000		-0.0120		
	589.0000		-0.0120		
	590.0000		-0.0120		
	591.0000		-0.0120		
	592.0000		-0.0120		
	593.0000		-0.0120		
	594.0000		-0.0120		
	595.0000		-0.0120		
	596.0000		-0.0120		
	597.0000		-0.0120		
	598.0000		-0.0120		
	599.0000		-0.0120		
	600.0000		-0.0118		
	601.0000		-0.0110		
	602.0000		-0.0102		
	603.0000		-0.0100		
	604.0000		-0.0100		
	605.0000		-0.0102		
	606.0000		-0.0116		
	607.0000		-0.0100		
	608.0000		-0.0104		
	609.0000		-0.0102		
	610.0000		-0.0100		
	611.0000		-0.0104		
	612.0000		-0.0114		
	613.0000		-0.0120		
	614.0000		-0.0120		
	615.0000		-0.0120		
	616.0000		-0.0120		
	617.0000		-0.0120		
	618.0000		-0.0120		
	619.0000		-0.0118		
	620.0000		-0.0110		
	621.0000		-0.0112		
	622.0000		-0.0102		
	623.0000		-0.0100		
	624.0000		-0.0100		
	625.0000		-0.0100		
	626.0000		-0.0100		
	627.0000		-0.0094		
	628.0000		-0.0070		
	629.0000		-0.0070		
	630.0000		-0.0070		
	631.0000		-0.0076		
	632.0000		-0.0100		
	633.0000		-0.0100		
	634.0000		-0.0100		
	635.0000		-0.0100		
	636.0000		-0.0100		
	637.0000		-0.0100		
	638.0000		-0.0100		
	639.0000		-0.0100		
	640.0000		-0.0100		
	641.0000		-0.0100		
	642.0000		-0.0100		
	643.0000		-0.0094		
	644.0000		-0.0091		
	645.0000		-0.0097		
	646.0000		-0.0100		
	647.0000		-0.0100		
	648.0000		-0.0100		
	649.0000		-0.0100		
	650.0000		-0.0100		
	651.0000		-0.0100		
	652.0000		-0.0085		
	653.0000		-0.0082		
	654.0000		-0.0079		
	655.0000		-0.0073		
	656.0000		-0.0070		
	657.0000		-0.0070		
	658.0000		-0.0070		
	659.0000		-0.0070		
	660.0000		-0.0070		
	661.0000		-0.0070		
	662.0000		-0.0070		
	663.0000		-0.0100		
	664.0000		-0.0100		
	665.0000		-0.0100		
	666.0000		-0.0100		
	667.0000		-0.0102		
	668.0000		-0.0114		
	669.0000		-0.0112		
	670.0000		-0.0120		
	671.0000		-0.0120		
	672.0000		-0.0120		
	673.0000		-0.0120		
	674.0000		-0.0120		
	675.0000		-0.0120		
	676.0000		-0.0120		
	677.0000		-0.0120		
	678.0000		-0.0110		
	679.0000		-0.0100		
	680.0000		-0.0100		
	681.0000		-0.0100		
	682.0000		-0.0100		
	683.0000		-0.0100		
	684.0000		-0.0100		
	685.0000		-0.0100		
	686.0000		-0.0085		
	687.0000		-0.0070		
	688.0000		-0.0070		
	689.0000		-0.0070		
	690.0000		-0.0066		
	691.0000		-0.0037		
	692.0000		-0.0010		
	693.0000		0.0000		
	694.0000		0.0000		
	695.0000		0.0000		
	696.0000		-0.0020		
	697.0000		-0.0058		
	698.0000		-0.0070		
	699.0000		-0.0070		
	700.0000		-0.0070		
	701.0000		-0.0070		
	702.0000		-0.0070		
	703.0000		-0.0070		
	704.0000		-0.0070		
	705.0000		-0.0070		
	706.0000		-0.0070		
	707.0000		-0.0070		
	708.0000		-0.0070		
	709.0000		-0.0062		
	710.0000		-0.0058		
	711.0000		-0.0064		
	712.0000		-0.0064		
	713.0000		-0.0070		
	714.0000		-0.0070		
	715.0000		-0.0070		
	716.0000		-0.0070		
	717.0000		-0.0070		
	718.0000		-0.0070		
	719.0000		-0.0070		
	720.0000		-0.0070		
	721.0000		-0.0070		
	722.0000		-0.0070		
	723.0000		-0.0070		
	724.0000		-0.0070		
	725.0000		-0.0070		
	726.0000		-0.0070		
	727.0000		-0.0070		
	728.0000		-0.0076		
	729.0000		-0.0088		
	730.0000		-0.0100		
	731.0000		-0.0100		
	732.0000		-0.0100		
	733.0000		-0.0100		
	734.0000		-0.0100		
	735.0000		-0.0100		
	736.0000		-0.0100		
	737.0000		-0.0100		
	738.0000		-0.0102		
	739.0000		-0.0106		
	740.0000		-0.0114		
	741.0000		-0.0118		
	742.0000		-0.0120		
	743.0000		-0.0120		
	744.0000		-0.0120		
	745.0000		-0.0120		
	746.0000		-0.0120		
	747.0000		-0.0120		
	748.0000		-0.0120		
	749.0000		-0.0123		
	750.0000		-0.0144		
	751.0000		-0.0150		
	752.0000		-0.0150		
	753.0000		-0.0150		
	754.0000		-0.0150		
	755.0000		-0.0166		
	756.0000		-0.0170		
	757.0000		-0.0170		
	758.0000		-0.0170		
	759.0000		-0.0158		
	760.0000		-0.0150		
	761.0000		-0.0150		
	762.0000		-0.0135		
	763.0000		-0.0120		
	764.0000		-0.0120		
	765.0000		-0.0120		
	766.0000		-0.0120		
	767.0000		-0.0141		
	768.0000		-0.0150		
	769.0000		-0.0152		
	770.0000		-0.0168		
	771.0000		-0.0162		
	772.0000		-0.0156		
	773.0000		-0.0150		
	774.0000		-0.0150		
	775.0000		-0.0150		
	776.0000		-0.0144		
	777.0000		-0.0120		
	778.0000		-0.0120		
	779.0000		-0.0116		
	780.0000		-0.0100		
	781.0000		-0.0100		
	782.0000		-0.0100		
	783.0000		-0.0100		
	784.0000		-0.0100		
	785.0000		-0.0100		
	786.0000		-0.0100		
	787.0000		-0.0100		
	788.0000		-0.0100		
	789.0000		-0.0100		
	790.0000		-0.0100		
	791.0000		-0.0100		
	792.0000		-0.0100		
	793.0000		-0.0114		
	794.0000		-0.0120		
	795.0000		-0.0120		
	796.0000		-0.0120		
	797.0000		-0.0120		
	798.0000		-0.0120		
	799.0000		-0.0120		
	800.0000		-0.0112		
	801.0000		-0.0102		
	802.0000		-0.0102		
	803.0000		-0.0108		
	804.0000		-0.0104		
	805.0000		-0.0112		
	806.0000		-0.0120		
	807.0000		-0.0120		
	808.0000		-0.0120		
	809.0000		-0.0118		
	810.0000		-0.0108		
	811.0000		-0.0100		
	812.0000		-0.0100		
	813.0000		-0.0100		
	814.0000		-0.0100		
	815.0000		-0.0100		
	816.0000		-0.0100		
	817.0000		-0.0100		
	818.0000		-0.0100		
	819.0000		-0.0100		
	820.0000		-0.0110		
	821.0000		-0.0102		
	822.0000		-0.0100		
	823.0000		-0.0100		
	824.0000		-0.0100		
	825.0000		-0.0097		
	826.0000		-0.0088		
	827.0000		-0.0070		
	828.0000		-0.0070		
	829.0000		-0.0070		
	830.0000		-0.0091		
	831.0000		-0.0100		
	832.0000		-0.0100		
	833.0000		-0.0085		
	834.0000		-0.0091		
	835.0000		-0.0100		
	836.0000		-0.0100		
	837.0000		-0.0100		
	838.0000		-0.0100		
	839.0000		-0.0100		
	840.0000		-0.0102		
	841.0000		-0.0120		
	842.0000		-0.0120		
	843.0000		-0.0120		
	844.0000		-0.0120		
	845.0000		-0.0123		
	846.0000		-0.0120		
	847.0000		-0.0135		
	848.0000		-0.0147		
	849.0000		-0.0123		
	850.0000		-0.0120		
	851.0000		-0.0120		
	852.0000		-0.0102		
	853.0000		-0.0100		
	854.0000		-0.0100		
	855.0000		-0.0100		
	856.0000		-0.0082		
	857.0000		-0.0079		
	858.0000		-0.0085		
	859.0000		-0.0100		
	860.0000		-0.0100		
	861.0000		-0.0100		
	862.0000		-0.0112		
	863.0000		-0.0120		
	864.0000		-0.0120		
	865.0000		-0.0120		
	866.0000		-0.0116		
	867.0000		-0.0120		
	868.0000		-0.0120		
	869.0000		-0.0120		
	870.0000		-0.0106		
	871.0000		-0.0104		
	872.0000		-0.0102		
	873.0000		-0.0102		
	874.0000		-0.0100		
	875.0000		-0.0100		
	876.0000		-0.0106		
	877.0000		-0.0120		
	878.0000		-0.0120		
	879.0000		-0.0120		
	880.0000		-0.0116		
	881.0000		-0.0104		
	882.0000		-0.0102		
	883.0000		-0.0112		
	884.0000		-0.0120		
	885.0000		-0.0118		
	886.0000		-0.0120		
	887.0000		-0.0120		
	888.0000		-0.0120		
	889.0000		-0.0120		
	890.0000		-0.0129		
	891.0000		-0.0150		
	892.0000		-0.0150		
	893.0000		-0.0150		
	894.0000		-0.0150		
	895.0000		-0.0152		
	896.0000		-0.0164		
	897.0000		-0.0154		
	898.0000		-0.0150		
	899.0000		-0.0150		
END
