	0.0000		-0.5472		
	1.0000		-0.5449		
	2.0000		-0.5410		
	3.0000		-0.5341		
	4.0000		-0.5338		
	5.0000		-0.5286		
	6.0000		-0.5212		
	7.0000		-0.5180		
	8.0000		-0.5160		
	9.0000		-0.5163		
	10.0000		-0.5171		
	11.0000		-0.5181		
	12.0000		-0.5162		
	13.0000		-0.5164		
	14.0000		-0.5157		
	15.0000		-0.4090		
	16.0000		-0.2507		
	17.0000		-0.2867		
	18.0000		-0.3490		
	19.0000		-0.3940		
	20.0000		-0.4307		
	21.0000		-0.4492		
	22.0000		-0.4638		
	23.0000		-0.4758		
	24.0000		-0.4841		
	25.0000		-0.4897		
	26.0000		-0.4932		
	27.0000		-0.5012		
	28.0000		-0.5030		
	29.0000		-0.5024		
	30.0000		-0.5021		
	31.0000		-0.5045		
	32.0000		-0.5094		
	33.0000		-0.5160		
	34.0000		-0.5147		
	35.0000		-0.5139		
	36.0000		-0.5154		
	37.0000		-0.5214		
	38.0000		-0.5169		
	39.0000		-0.5108		
	40.0000		-0.5118		
	41.0000		-0.5072		
	42.0000		-0.5030		
	43.0000		-0.5054		
	44.0000		-0.5102		
	45.0000		-0.5116		
	46.0000		-0.5110		
	47.0000		-0.5093		
	48.0000		-0.5098		
	49.0000		-0.5185		
	50.0000		-0.5121		
	51.0000		-0.5143		
	52.0000		-0.5123		
	53.0000		-0.5171		
	54.0000		-0.5171		
	55.0000		-0.5178		
	56.0000		-0.5216		
	57.0000		-0.5253		
	58.0000		-0.5297		
	59.0000		-0.5267		
	60.0000		-0.5296		
	61.0000		-0.5243		
	62.0000		-0.5170		
	63.0000		-0.5165		
	64.0000		-0.5219		
	65.0000		-0.5285		
	66.0000		-0.5326		
	67.0000		-0.5395		
	68.0000		-0.5403		
	69.0000		-0.5352		
	70.0000		-0.5335		
	71.0000		-0.5337		
	72.0000		-0.5292		
	73.0000		-0.5295		
	74.0000		-0.5221		
	75.0000		-0.5229		
	76.0000		-0.5279		
	77.0000		-0.5265		
	78.0000		-0.5279		
	79.0000		-0.5241		
	80.0000		-0.5228		
	81.0000		-0.5281		
	82.0000		-0.5310		
	83.0000		-0.5291		
	84.0000		-0.5193		
	85.0000		-0.5163		
	86.0000		-0.5170		
	87.0000		-0.5156		
	88.0000		-0.5214		
	89.0000		-0.5218		
	90.0000		-0.5208		
	91.0000		-0.5210		
	92.0000		-0.5182		
	93.0000		-0.5158		
	94.0000		-0.5158		
	95.0000		-0.5140		
	96.0000		-0.5120		
	97.0000		-0.5104		
	98.0000		-0.5102		
	99.0000		-0.5065		
	100.0000		-0.5014		
	101.0000		-0.5034		
	102.0000		-0.5069		
	103.0000		-0.5052		
	104.0000		-0.5113		
	105.0000		-0.5175		
	106.0000		-0.5199		
	107.0000		-0.5212		
	108.0000		-0.5260		
	109.0000		-0.5203		
	110.0000		-0.5172		
	111.0000		-0.5131		
	112.0000		-0.5136		
	113.0000		-0.5104		
	114.0000		-0.5120		
	115.0000		-0.5154		
	116.0000		-0.5140		
	117.0000		-0.5114		
	118.0000		-0.5118		
	119.0000		-0.5112		
	120.0000		-0.5114		
	121.0000		-0.5136		
	122.0000		-0.5168		
	123.0000		-0.5204		
	124.0000		-0.5222		
	125.0000		-0.5206		
	126.0000		-0.5255		
	127.0000		-0.5265		
	128.0000		-0.5203		
	129.0000		-0.5145		
	130.0000		-0.5129		
	131.0000		-0.5125		
	132.0000		-0.5132		
	133.0000		-0.5129		
	134.0000		-0.5099		
	135.0000		-0.5073		
	136.0000		-0.5101		
	137.0000		-0.5166		
	138.0000		-0.5168		
	139.0000		-0.5196		
	140.0000		-0.5181		
	141.0000		-0.5147		
	142.0000		-0.5183		
	143.0000		-0.5216		
	144.0000		-0.5216		
	145.0000		-0.5206		
	146.0000		-0.5228		
	147.0000		-0.5208		
	148.0000		-0.5161		
	149.0000		-0.5079		
	150.0000		-0.5070		
	151.0000		-0.5045		
	152.0000		-0.5036		
	153.0000		-0.5117		
	154.0000		-0.5125		
	155.0000		-0.5160		
	156.0000		-0.5203		
	157.0000		-0.5236		
	158.0000		-0.5297		
	159.0000		-0.5317		
	160.0000		-0.5272		
	161.0000		-0.5273		
	162.0000		-0.5270		
	163.0000		-0.5237		
	164.0000		-0.5261		
	165.0000		-0.5285		
	166.0000		-0.5213		
	167.0000		-0.5160		
	168.0000		-0.5151		
	169.0000		-0.5170		
	170.0000		-0.5150		
	171.0000		-0.5177		
	172.0000		-0.5183		
	173.0000		-0.5221		
	174.0000		-0.5246		
	175.0000		-0.5258		
	176.0000		-0.5229		
	177.0000		-0.5195		
	178.0000		-0.5176		
	179.0000		-0.5194		
	180.0000		-0.5309		
	181.0000		-0.5377		
	182.0000		-0.5408		
	183.0000		-0.5378		
	184.0000		-0.5344		
	185.0000		-0.5355		
	186.0000		-0.5303		
	187.0000		-0.5206		
	188.0000		-0.5215		
	189.0000		-0.5220		
	190.0000		-0.5196		
	191.0000		-0.5216		
	192.0000		-0.5244		
	193.0000		-0.5185		
	194.0000		-0.5166		
	195.0000		-0.5152		
	196.0000		-0.5159		
	197.0000		-0.5140		
	198.0000		-0.5176		
	199.0000		-0.5237		
	200.0000		-0.5310		
	201.0000		-0.5298		
	202.0000		-0.5341		
	203.0000		-0.5332		
	204.0000		-0.5245		
	205.0000		-0.5196		
	206.0000		-0.5168		
	207.0000		-0.5189		
	208.0000		-0.5224		
	209.0000		-0.5209		
	210.0000		-0.5177		
	211.0000		-0.5205		
	212.0000		-0.5189		
	213.0000		-0.5175		
	214.0000		-0.5235		
	215.0000		-0.5218		
	216.0000		-0.5217		
	217.0000		-0.5238		
	218.0000		-0.5312		
	219.0000		-0.5401		
	220.0000		-0.5427		
	221.0000		-0.5398		
	222.0000		-0.5393		
	223.0000		-0.5388		
	224.0000		-0.5393		
	225.0000		-0.5452		
	226.0000		-0.5463		
	227.0000		-0.5456		
	228.0000		-0.5409		
	229.0000		-0.5391		
	230.0000		-0.5374		
	231.0000		-0.5382		
	232.0000		-0.5427		
	233.0000		-0.5366		
	234.0000		-0.5346		
	235.0000		-0.5364		
	236.0000		-0.5332		
	237.0000		-0.5340		
	238.0000		-0.5279		
	239.0000		-0.5254		
	240.0000		-0.5245		
	241.0000		-0.5265		
	242.0000		-0.5262		
	243.0000		-0.5246		
	244.0000		-0.5258		
	245.0000		-0.5257		
	246.0000		-0.5219		
	247.0000		-0.5310		
	248.0000		-0.5347		
	249.0000		-0.5372		
	250.0000		-0.5327		
	251.0000		-0.5305		
	252.0000		-0.5335		
	253.0000		-0.5310		
	254.0000		-0.5314		
	255.0000		-0.5256		
	256.0000		-0.5238		
	257.0000		-0.5285		
	258.0000		-0.5349		
	259.0000		-0.5359		
	260.0000		-0.5349		
	261.0000		-0.5351		
	262.0000		-0.5280		
	263.0000		-0.5255		
	264.0000		-0.5256		
	265.0000		-0.5234		
	266.0000		-0.5205		
	267.0000		-0.5168		
	268.0000		-0.5129		
	269.0000		-0.5174		
	270.0000		-0.5211		
	271.0000		-0.5258		
	272.0000		-0.5233		
	273.0000		-0.5173		
	274.0000		-0.5129		
	275.0000		-0.5151		
	276.0000		-0.5177		
	277.0000		-0.5178		
	278.0000		-0.5206		
	279.0000		-0.5265		
	280.0000		-0.5322		
	281.0000		-0.5303		
	282.0000		-0.5298		
	283.0000		-0.5221		
	284.0000		-0.5209		
	285.0000		-0.5175		
	286.0000		-0.5143		
	287.0000		-0.5140		
	288.0000		-0.5144		
	289.0000		-0.5157		
	290.0000		-0.5138		
	291.0000		-0.5062		
	292.0000		-0.5114		
	293.0000		-0.5197		
	294.0000		-0.5214		
	295.0000		-0.5282		
	296.0000		-0.5262		
	297.0000		-0.5260		
	298.0000		-0.5295		
	299.0000		-0.5259		
	300.0000		-0.5218		
	301.0000		-0.5194		
	302.0000		-0.5190		
	303.0000		-0.5197		
	304.0000		-0.5228		
	305.0000		-0.5261		
	306.0000		-0.5166		
	307.0000		-0.5164		
	308.0000		-0.5154		
	309.0000		-0.5212		
	310.0000		-0.5207		
	311.0000		-0.5191		
	312.0000		-0.5193		
	313.0000		-0.5156		
	314.0000		-0.5178		
	315.0000		-0.5212		
	316.0000		-0.5242		
	317.0000		-0.5285		
	318.0000		-0.5300		
	319.0000		-0.5255		
	320.0000		-0.5225		
	321.0000		-0.5329		
	322.0000		-0.5348		
	323.0000		-0.5310		
	324.0000		-0.5244		
	325.0000		-0.5170		
	326.0000		-0.5175		
	327.0000		-0.5230		
	328.0000		-0.5205		
	329.0000		-0.5172		
	330.0000		-0.5130		
	331.0000		-0.5137		
	332.0000		-0.5188		
	333.0000		-0.5159		
	334.0000		-0.5109		
	335.0000		-0.5083		
	336.0000		-0.5097		
	337.0000		-0.5080		
	338.0000		-0.5094		
	339.0000		-0.5096		
	340.0000		-0.5103		
	341.0000		-0.5130		
	342.0000		-0.5120		
	343.0000		-0.5109		
	344.0000		-0.5118		
	345.0000		-0.5150		
	346.0000		-0.5174		
	347.0000		-0.5208		
	348.0000		-0.5219		
	349.0000		-0.5201		
	350.0000		-0.5204		
	351.0000		-0.5249		
	352.0000		-0.5225		
	353.0000		-0.5242		
	354.0000		-0.5228		
	355.0000		-0.5193		
	356.0000		-0.5210		
	357.0000		-0.5238		
	358.0000		-0.5248		
	359.0000		-0.5185		
	360.0000		-0.5189		
	361.0000		-0.5150		
	362.0000		-0.5147		
	363.0000		-0.5197		
	364.0000		-0.5163		
	365.0000		-0.5059		
	366.0000		-0.5002		
	367.0000		-0.5003		
	368.0000		-0.4987		
	369.0000		-0.5040		
	370.0000		-0.5031		
	371.0000		-0.5032		
	372.0000		-0.5012		
	373.0000		-0.4994		
	374.0000		-0.4988		
	375.0000		-0.5018		
	376.0000		-0.4971		
	377.0000		-0.4972		
	378.0000		-0.4998		
	379.0000		-0.5070		
	380.0000		-0.5172		
	381.0000		-0.5168		
	382.0000		-0.5141		
	383.0000		-0.5135		
	384.0000		-0.5095		
	385.0000		-0.5084		
	386.0000		-0.5075		
	387.0000		-0.5106		
	388.0000		-0.5082		
	389.0000		-0.5053		
	390.0000		-0.5100		
	391.0000		-0.5087		
	392.0000		-0.5019		
	393.0000		-0.5107		
	394.0000		-0.5118		
	395.0000		-0.5151		
	396.0000		-0.5163		
	397.0000		-0.5174		
	398.0000		-0.5207		
	399.0000		-0.5232		
	400.0000		-0.5238		
	401.0000		-0.5238		
	402.0000		-0.5232		
	403.0000		-0.5250		
	404.0000		-0.5296		
	405.0000		-0.5282		
	406.0000		-0.5293		
	407.0000		-0.5316		
	408.0000		-0.5280		
	409.0000		-0.5254		
	410.0000		-0.5247		
	411.0000		-0.5301		
	412.0000		-0.5342		
	413.0000		-0.5470		
	414.0000		-0.5557		
	415.0000		-0.5544		
	416.0000		-0.5558		
	417.0000		-0.5522		
	418.0000		-0.5457		
	419.0000		-0.5424		
	420.0000		-0.5461		
	421.0000		-0.5483		
	422.0000		-0.5536		
	423.0000		-0.5593		
	424.0000		-0.5633		
	425.0000		-0.5575		
	426.0000		-0.5534		
	427.0000		-0.5574		
	428.0000		-0.5591		
	429.0000		-0.5575		
	430.0000		-0.5601		
	431.0000		-0.5548		
	432.0000		-0.5455		
	433.0000		-0.5432		
	434.0000		-0.5449		
	435.0000		-0.5460		
	436.0000		-0.5490		
	437.0000		-0.5544		
	438.0000		-0.5518		
	439.0000		-0.5542		
	440.0000		-0.5550		
	441.0000		-0.5448		
	442.0000		-0.5444		
	443.0000		-0.5430		
	444.0000		-0.5368		
	445.0000		-0.5316		
	446.0000		-0.5372		
	447.0000		-0.5342		
	448.0000		-0.5258		
	449.0000		-0.5215		
	450.0000		-0.5154		
	451.0000		-0.5117		
	452.0000		-0.5035		
	453.0000		-0.4963		
	454.0000		-0.4878		
	455.0000		-0.4905		
	456.0000		-0.4931		
	457.0000		-0.4964		
	458.0000		-0.4897		
	459.0000		-0.4856		
	460.0000		-0.4868		
	461.0000		-0.4795		
	462.0000		-0.4758		
	463.0000		-0.4701		
	464.0000		-0.4676		
	465.0000		-0.4575		
	466.0000		-0.4521		
	467.0000		-0.4431		
	468.0000		-0.4373		
	469.0000		-0.4294		
	470.0000		-0.4252		
	471.0000		-0.4148		
	472.0000		-0.4079		
	473.0000		-0.4036		
	474.0000		-0.3909		
	475.0000		-0.3833		
	476.0000		-0.3783		
	477.0000		-0.3688		
	478.0000		-0.3618		
	479.0000		-0.3632		
	480.0000		-0.3612		
	481.0000		-0.3548		
	482.0000		-0.3492		
	483.0000		-0.3437		
	484.0000		-0.3383		
	485.0000		-0.3330		
	486.0000		-0.3288		
	487.0000		-0.3251		
	488.0000		-0.3276		
	489.0000		-0.3302		
	490.0000		-0.3303		
	491.0000		-0.3344		
	492.0000		-0.3332		
	493.0000		-0.3306		
	494.0000		-0.3310		
	495.0000		-0.3312		
	496.0000		-0.3306		
	497.0000		-0.3327		
	498.0000		-0.3366		
	499.0000		-0.3370		
	500.0000		-0.3347		
	501.0000		-0.3364		
	502.0000		-0.3343		
	503.0000		-0.3388		
	504.0000		-0.3375		
	505.0000		-0.3395		
	506.0000		-0.3340		
	507.0000		-0.3371		
	508.0000		-0.3380		
	509.0000		-0.3385		
	510.0000		-0.3397		
	511.0000		-0.3416		
	512.0000		-0.3414		
	513.0000		-0.3404		
	514.0000		-0.3352		
	515.0000		-0.3321		
	516.0000		-0.3348		
	517.0000		-0.3430		
	518.0000		-0.3472		
	519.0000		-0.3479		
	520.0000		-0.3471		
	521.0000		-0.3470		
	522.0000		-0.3454		
	523.0000		-0.3459		
	524.0000		-0.3519		
	525.0000		-0.3508		
	526.0000		-0.3537		
	527.0000		-0.3566		
	528.0000		-0.3601		
	529.0000		-0.3687		
	530.0000		-0.3756		
	531.0000		-0.3826		
	532.0000		-0.3820		
	533.0000		-0.3832		
	534.0000		-0.3866		
	535.0000		-0.3910		
	536.0000		-0.3979		
	537.0000		-0.4010		
	538.0000		-0.4029		
	539.0000		-0.4053		
	540.0000		-0.4028		
	541.0000		-0.4025		
	542.0000		-0.4042		
	543.0000		-0.3948		
	544.0000		-0.3949		
	545.0000		-0.3928		
	546.0000		-0.3945		
	547.0000		-0.3970		
	548.0000		-0.3971		
	549.0000		-0.3945		
	550.0000		-0.3949		
	551.0000		-0.3967		
	552.0000		-0.4079		
	553.0000		-0.4168		
	554.0000		-0.4208		
	555.0000		-0.4245		
	556.0000		-0.4292		
	557.0000		-0.4341		
	558.0000		-0.4371		
	559.0000		-0.4355		
	560.0000		-0.4387		
	561.0000		-0.4447		
	562.0000		-0.4477		
	563.0000		-0.4527		
	564.0000		-0.4590		
	565.0000		-0.4616		
	566.0000		-0.4688		
	567.0000		-0.4700		
	568.0000		-0.4714		
	569.0000		-0.4699		
	570.0000		-0.4679		
	571.0000		-0.4702		
	572.0000		-0.4755		
	573.0000		-0.4826		
	574.0000		-0.4826		
	575.0000		-0.4866		
	576.0000		-0.4925		
	577.0000		-0.5004		
	578.0000		-0.5072		
	579.0000		-0.5149		
	580.0000		-0.5206		
	581.0000		-0.5271		
	582.0000		-0.5294		
	583.0000		-0.5320		
	584.0000		-0.5326		
	585.0000		-0.5367		
	586.0000		-0.5415		
	587.0000		-0.5379		
	588.0000		-0.5412		
	589.0000		-0.5489		
	590.0000		-0.5543		
	591.0000		-0.5594		
	592.0000		-0.5634		
	593.0000		-0.5713		
	594.0000		-0.5796		
	595.0000		-0.5868		
	596.0000		-0.5911		
	597.0000		-0.5971		
	598.0000		-0.6030		
	599.0000		-0.6085		
	600.0000		-0.6122		
	601.0000		-0.6222		
	602.0000		-0.6289		
	603.0000		-0.6236		
	604.0000		-0.6282		
	605.0000		-0.6315		
	606.0000		-0.6402		
	607.0000		-0.6501		
	608.0000		-0.6607		
	609.0000		-0.6635		
	610.0000		-0.6621		
	611.0000		-0.6614		
	612.0000		-0.6670		
	613.0000		-0.6679		
	614.0000		-0.6672		
	615.0000		-0.6669		
	616.0000		-0.6738		
	617.0000		-0.6764		
	618.0000		-0.6768		
	619.0000		-0.6820		
	620.0000		-0.6868		
	621.0000		-0.6862		
	622.0000		-0.6918		
	623.0000		-0.6922		
	624.0000		-0.6906		
	625.0000		-0.6905		
	626.0000		-0.6885		
	627.0000		-0.6842		
	628.0000		-0.6816		
	629.0000		-0.6812		
	630.0000		-0.6854		
	631.0000		-0.6877		
	632.0000		-0.6848		
	633.0000		-0.6779		
	634.0000		-0.6757		
	635.0000		-0.6704		
	636.0000		-0.6697		
	637.0000		-0.6668		
	638.0000		-0.6657		
	639.0000		-0.6607		
	640.0000		-0.6590		
	641.0000		-0.6564		
	642.0000		-0.6621		
	643.0000		-0.6673		
	644.0000		-0.6607		
	645.0000		-0.6597		
	646.0000		-0.6549		
	647.0000		-0.6539		
	648.0000		-0.6456		
	649.0000		-0.6400		
	650.0000		-0.6370		
	651.0000		-0.6372		
	652.0000		-0.6311		
	653.0000		-0.6282		
	654.0000		-0.6212		
	655.0000		-0.6133		
	656.0000		-0.6025		
	657.0000		-0.6017		
	658.0000		-0.5991		
	659.0000		-0.5957		
	660.0000		-0.5940		
	661.0000		-0.5872		
	662.0000		-0.5797		
	663.0000		-0.5670		
	664.0000		-0.5599		
	665.0000		-0.5592		
	666.0000		-0.5524		
	667.0000		-0.5454		
	668.0000		-0.5324		
	669.0000		-0.5196		
	670.0000		-0.5154		
	671.0000		-0.5078		
	672.0000		-0.5019		
	673.0000		-0.4947		
	674.0000		-0.4893		
	675.0000		-0.4806		
	676.0000		-0.4747		
	677.0000		-0.4724		
	678.0000		-0.4689		
	679.0000		-0.4683		
	680.0000		-0.4587		
	681.0000		-0.4495		
	682.0000		-0.4429		
	683.0000		-0.4399		
	684.0000		-0.4351		
	685.0000		-0.4319		
	686.0000		-0.4299		
	687.0000		-0.4220		
	688.0000		-0.4151		
	689.0000		-0.4108		
	690.0000		-0.4123		
	691.0000		-0.4039		
	692.0000		-0.3962		
	693.0000		-0.3940		
	694.0000		-0.3915		
	695.0000		-0.3890		
	696.0000		-0.3840		
	697.0000		-0.3814		
	698.0000		-0.3801		
	699.0000		-0.3759		
	700.0000		-0.3721		
	701.0000		-0.3720		
	702.0000		-0.3646		
	703.0000		-0.3672		
	704.0000		-0.3620		
	705.0000		-0.3634		
	706.0000		-0.3655		
	707.0000		-0.3632		
	708.0000		-0.3654		
	709.0000		-0.3646		
	710.0000		-0.3661		
	711.0000		-0.3650		
	712.0000		-0.3698		
	713.0000		-0.3670		
	714.0000		-0.3653		
	715.0000		-0.3616		
	716.0000		-0.3626		
	717.0000		-0.3645		
	718.0000		-0.3691		
	719.0000		-0.3646		
	720.0000		-0.3661		
	721.0000		-0.3659		
	722.0000		-0.3618		
	723.0000		-0.3666		
	724.0000		-0.3649		
	725.0000		-0.3655		
	726.0000		-0.3645		
	727.0000		-0.3580		
	728.0000		-0.3598		
	729.0000		-0.3610		
	730.0000		-0.3582		
	731.0000		-0.3503		
	732.0000		-0.3503		
	733.0000		-0.3541		
	734.0000		-0.3600		
	735.0000		-0.3640		
	736.0000		-0.3660		
	737.0000		-0.3685		
	738.0000		-0.3649		
	739.0000		-0.3678		
	740.0000		-0.3668		
	741.0000		-0.3636		
	742.0000		-0.3635		
	743.0000		-0.3659		
	744.0000		-0.3658		
	745.0000		-0.3633		
	746.0000		-0.3647		
	747.0000		-0.3630		
	748.0000		-0.3628		
	749.0000		-0.3607		
	750.0000		-0.3603		
	751.0000		-0.3590		
	752.0000		-0.3632		
	753.0000		-0.3633		
	754.0000		-0.3638		
	755.0000		-0.3667		
	756.0000		-0.3627		
	757.0000		-0.3606		
	758.0000		-0.3541		
	759.0000		-0.3572		
	760.0000		-0.3562		
	761.0000		-0.3583		
	762.0000		-0.3613		
	763.0000		-0.3711		
	764.0000		-0.3674		
	765.0000		-0.3617		
	766.0000		-0.3570		
	767.0000		-0.3504		
	768.0000		-0.3535		
	769.0000		-0.3560		
	770.0000		-0.3603		
	771.0000		-0.3616		
	772.0000		-0.3577		
	773.0000		-0.3535		
	774.0000		-0.3558		
	775.0000		-0.3533		
	776.0000		-0.3548		
	777.0000		-0.3566		
	778.0000		-0.3550		
	779.0000		-0.3555		
	780.0000		-0.3530		
	781.0000		-0.3550		
	782.0000		-0.3560		
	783.0000		-0.3577		
	784.0000		-0.3608		
	785.0000		-0.3618		
	786.0000		-0.3588		
	787.0000		-0.3614		
	788.0000		-0.3576		
	789.0000		-0.3582		
	790.0000		-0.3570		
	791.0000		-0.3629		
	792.0000		-0.3554		
	793.0000		-0.3570		
	794.0000		-0.3570		
	795.0000		-0.3527		
	796.0000		-0.3512		
	797.0000		-0.3474		
	798.0000		-0.3460		
	799.0000		-0.3514		
	800.0000		-0.3531		
	801.0000		-0.3520		
	802.0000		-0.3521		
	803.0000		-0.3516		
	804.0000		-0.3479		
	805.0000		-0.3460		
	806.0000		-0.3450		
	807.0000		-0.3480		
	808.0000		-0.3477		
	809.0000		-0.3503		
	810.0000		-0.3550		
	811.0000		-0.3568		
	812.0000		-0.3564		
	813.0000		-0.3510		
	814.0000		-0.3460		
	815.0000		-0.3495		
	816.0000		-0.3573		
	817.0000		-0.3600		
	818.0000		-0.3575		
	819.0000		-0.3509		
	820.0000		-0.3516		
	821.0000		-0.3512		
	822.0000		-0.3487		
	823.0000		-0.3467		
	824.0000		-0.3430		
	825.0000		-0.3394		
	826.0000		-0.3367		
	827.0000		-0.3380		
	828.0000		-0.3396		
	829.0000		-0.3398		
	830.0000		-0.3371		
	831.0000		-0.3375		
	832.0000		-0.3382		
	833.0000		-0.3345		
	834.0000		-0.3331		
	835.0000		-0.3312		
	836.0000		-0.3308		
	837.0000		-0.3313		
	838.0000		-0.3316		
	839.0000		-0.3299		
	840.0000		-0.3354		
	841.0000		-0.3368		
	842.0000		-0.3336		
	843.0000		-0.3319		
	844.0000		-0.3326		
	845.0000		-0.3300		
	846.0000		-0.3318		
	847.0000		-0.3302		
	848.0000		-0.3324		
	849.0000		-0.3347		
	850.0000		-0.3343		
	851.0000		-0.3401		
	852.0000		-0.3420		
	853.0000		-0.3441		
	854.0000		-0.3468		
	855.0000		-0.3467		
	856.0000		-0.3395		
	857.0000		-0.3390		
	858.0000		-0.3404		
	859.0000		-0.3417		
	860.0000		-0.3435		
	861.0000		-0.3407		
	862.0000		-0.3402		
	863.0000		-0.3373		
	864.0000		-0.3358		
	865.0000		-0.3289		
	866.0000		-0.3271		
	867.0000		-0.3315		
	868.0000		-0.3344		
	869.0000		-0.3329		
	870.0000		-0.3284		
	871.0000		-0.3245		
	872.0000		-0.3197		
	873.0000		-0.3179		
	874.0000		-0.3210		
	875.0000		-0.3232		
	876.0000		-0.3202		
	877.0000		-0.3210		
	878.0000		-0.3237		
	879.0000		-0.3213		
	880.0000		-0.3165		
	881.0000		-0.3171		
	882.0000		-0.3136		
	883.0000		-0.3167		
	884.0000		-0.3190		
	885.0000		-0.3199		
	886.0000		-0.3204		
	887.0000		-0.3176		
	888.0000		-0.3227		
	889.0000		-0.3249		
	890.0000		-0.3239		
	891.0000		-0.3282		
	892.0000		-0.3308		
	893.0000		-0.3300		
	894.0000		-0.3262		
	895.0000		-0.3273		
	896.0000		-0.3300		
	897.0000		-0.3296		
	898.0000		-0.3291		
	899.0000		-0.3271		
