IGOR
X| Wed Jul 05 02:18:34 2017
X|   0.000000000000 0 X|
X|   0.000000000000 0 X|
X|   0.000000000000 0 X|
X|   0.000000000000 0 X|
X| data_type 	 num_points 	 num_chans 	 shots_per_read 	 reads_per_point 	 num_sweeps
X|      0   			  300   		     1    		   30  		    10     			   1
WAVES	  XDATA  Z1DATA	 
BEGIN
	0.0000		-0.2618		
	1.0000		-0.2600		
	2.0000		-0.2556		
	3.0000		-0.2515		
	4.0000		-0.2502		
	5.0000		-0.2520		
	6.0000		-0.2518		
	7.0000		-0.2504		
	8.0000		-0.2520		
	9.0000		-0.2520		
	10.0000		-0.2544		
	11.0000		-0.2547		
	12.0000		-0.2523		
	13.0000		-0.2550		
	14.0000		-0.2562		
	15.0000		-0.2568		
	16.0000		-0.2544		
	17.0000		-0.2526		
	18.0000		-0.2529		
	19.0000		-0.2547		
	20.0000		-0.2560		
	21.0000		-0.2565		
	22.0000		-0.2579		
	23.0000		-0.2560		
	24.0000		-0.2516		
	25.0000		-0.2485		
	26.0000		-0.2494		
	27.0000		-0.2468		
	28.0000		-0.2452		
	29.0000		-0.2438		
	30.0000		-0.2406		
	31.0000		-0.2394		
	32.0000		-0.2394		
	33.0000		-0.2400		
	34.0000		-0.2402		
	35.0000		-0.2404		
	36.0000		-0.2382		
	37.0000		-0.2394		
	38.0000		-0.2404		
	39.0000		-0.2420		
	40.0000		-0.2435		
	41.0000		-0.2447		
	42.0000		-0.2450		
	43.0000		-0.2454		
	44.0000		-0.2458		
	45.0000		-0.2466		
	46.0000		-0.2462		
	47.0000		-0.2444		
	48.0000		-0.2450		
	49.0000		-0.2444		
	50.0000		-0.2450		
	51.0000		-0.2438		
	52.0000		-0.2435		
	53.0000		-0.2420		
	54.0000		-0.2420		
	55.0000		-0.2449		
	56.0000		-0.2468		
	57.0000		-0.2454		
	58.0000		-0.2447		
	59.0000		-0.2412		
	60.0000		-0.2408		
	61.0000		-0.2424		
	62.0000		-0.2450		
	63.0000		-0.2462		
	64.0000		-0.2446		
	65.0000		-0.2441		
	66.0000		-0.2438		
	67.0000		-0.2450		
	68.0000		-0.2435		
	69.0000		-0.2444		
	70.0000		-0.2450		
	71.0000		-0.2450		
	72.0000		-0.2444		
	73.0000		-0.2423		
	74.0000		-0.2412		
	75.0000		-0.2420		
	76.0000		-0.2412		
	77.0000		-0.2412		
	78.0000		-0.2447		
	79.0000		-0.2447		
	80.0000		-0.2452		
	81.0000		-0.2450		
	82.0000		-0.2450		
	83.0000		-0.2460		
	84.0000		-0.2470		
	85.0000		-0.2464		
	86.0000		-0.2470		
	87.0000		-0.2488		
	88.0000		-0.2519		
	89.0000		-0.2526		
	90.0000		-0.2532		
	91.0000		-0.2544		
	92.0000		-0.2556		
	93.0000		-0.2550		
	94.0000		-0.2550		
	95.0000		-0.2529		
	96.0000		-0.2538		
	97.0000		-0.2550		
	98.0000		-0.2552		
	99.0000		-0.2569		
	100.0000		-0.2600		
	101.0000		-0.2588		
	102.0000		-0.2570		
	103.0000		-0.2576		
	104.0000		-0.2570		
	105.0000		-0.2568		
	106.0000		-0.2558		
	107.0000		-0.2568		
	108.0000		-0.2600		
	109.0000		-0.2608		
	110.0000		-0.2590		
	111.0000		-0.2576		
	112.0000		-0.2570		
	113.0000		-0.2585		
	114.0000		-0.2600		
	115.0000		-0.2597		
	116.0000		-0.2604		
	117.0000		-0.2585		
	118.0000		-0.2585		
	119.0000		-0.2606		
	120.0000		-0.2606		
	121.0000		-0.2600		
	122.0000		-0.2588		
	123.0000		-0.2610		
	124.0000		-0.2626		
	125.0000		-0.2614		
	126.0000		-0.2600		
	127.0000		-0.2602		
	128.0000		-0.2604		
	129.0000		-0.2610		
	130.0000		-0.2606		
	131.0000		-0.2602		
	132.0000		-0.2602		
	133.0000		-0.2600		
	134.0000		-0.2602		
	135.0000		-0.2608		
	136.0000		-0.2594		
	137.0000		-0.2562		
	138.0000		-0.2570		
	139.0000		-0.2556		
	140.0000		-0.2566		
	141.0000		-0.2554		
	142.0000		-0.2535		
	143.0000		-0.2526		
	144.0000		-0.2541		
	145.0000		-0.2520		
	146.0000		-0.2538		
	147.0000		-0.2550		
	148.0000		-0.2535		
	149.0000		-0.2506		
	150.0000		-0.2523		
	151.0000		-0.2552		
	152.0000		-0.2570		
	153.0000		-0.2552		
	154.0000		-0.2550		
	155.0000		-0.2547		
	156.0000		-0.2529		
	157.0000		-0.2520		
	158.0000		-0.2518		
	159.0000		-0.2516		
	160.0000		-0.2520		
	161.0000		-0.2520		
	162.0000		-0.2532		
	163.0000		-0.2566		
	164.0000		-0.2566		
	165.0000		-0.2562		
	166.0000		-0.2558		
	167.0000		-0.2544		
	168.0000		-0.2544		
	169.0000		-0.2564		
	170.0000		-0.2556		
	171.0000		-0.2552		
	172.0000		-0.2560		
	173.0000		-0.2562		
	174.0000		-0.2610		
	175.0000		-0.2614		
	176.0000		-0.2588		
	177.0000		-0.2599		
	178.0000		-0.2570		
	179.0000		-0.2562		
	180.0000		-0.2554		
	181.0000		-0.2550		
	182.0000		-0.2538		
	183.0000		-0.2554		
	184.0000		-0.2538		
	185.0000		-0.2538		
	186.0000		-0.2541		
	187.0000		-0.2518		
	188.0000		-0.2521		
	189.0000		-0.2526		
	190.0000		-0.2520		
	191.0000		-0.2518		
	192.0000		-0.2504		
	193.0000		-0.2476		
	194.0000		-0.2488		
	195.0000		-0.2541		
	196.0000		-0.2558		
	197.0000		-0.2570		
	198.0000		-0.2568		
	199.0000		-0.2571		
	200.0000		-0.2568		
	201.0000		-0.2558		
	202.0000		-0.2570		
	203.0000		-0.2582		
	204.0000		-0.2579		
	205.0000		-0.2570		
	206.0000		-0.2600		
	207.0000		-0.2614		
	208.0000		-0.2608		
	209.0000		-0.2591		
	210.0000		-0.2568		
	211.0000		-0.2566		
	212.0000		-0.2570		
	213.0000		-0.2558		
	214.0000		-0.2570		
	215.0000		-0.2570		
	216.0000		-0.2588		
	217.0000		-0.2582		
	218.0000		-0.2594		
	219.0000		-0.2588		
	220.0000		-0.2570		
	221.0000		-0.2570		
	222.0000		-0.2573		
	223.0000		-0.2570		
	224.0000		-0.2568		
	225.0000		-0.2570		
	226.0000		-0.2554		
	227.0000		-0.2550		
	228.0000		-0.2568		
	229.0000		-0.2576		
	230.0000		-0.2570		
	231.0000		-0.2570		
	232.0000		-0.2570		
	233.0000		-0.2564		
	234.0000		-0.2550		
	235.0000		-0.2526		
	236.0000		-0.2526		
	237.0000		-0.2520		
	238.0000		-0.2541		
	239.0000		-0.2520		
	240.0000		-0.2514		
	241.0000		-0.2520		
	242.0000		-0.2535		
	243.0000		-0.2538		
	244.0000		-0.2564		
	245.0000		-0.2552		
	246.0000		-0.2558		
	247.0000		-0.2554		
	248.0000		-0.2558		
	249.0000		-0.2558		
	250.0000		-0.2550		
	251.0000		-0.2550		
	252.0000		-0.2550		
	253.0000		-0.2558		
	254.0000		-0.2568		
	255.0000		-0.2549		
	256.0000		-0.2514		
	257.0000		-0.2520		
	258.0000		-0.2541		
	259.0000		-0.2554		
	260.0000		-0.2570		
	261.0000		-0.2573		
	262.0000		-0.2579		
	263.0000		-0.2574		
	264.0000		-0.2544		
	265.0000		-0.2533		
	266.0000		-0.2514		
	267.0000		-0.2532		
	268.0000		-0.2550		
	269.0000		-0.2535		
	270.0000		-0.2550		
	271.0000		-0.2538		
	272.0000		-0.2535		
	273.0000		-0.2520		
	274.0000		-0.2538		
	275.0000		-0.2544		
	276.0000		-0.2526		
	277.0000		-0.2550		
	278.0000		-0.2558		
	279.0000		-0.2570		
	280.0000		-0.2568		
	281.0000		-0.2560		
	282.0000		-0.2560		
	283.0000		-0.2527		
	284.0000		-0.2518		
	285.0000		-0.2518		
	286.0000		-0.2516		
	287.0000		-0.2518		
	288.0000		-0.2523		
	289.0000		-0.2520		
	290.0000		-0.2523		
	291.0000		-0.2535		
	292.0000		-0.2535		
	293.0000		-0.2552		
	294.0000		-0.2550		
	295.0000		-0.2552		
	296.0000		-0.2550		
	297.0000		-0.2549		
	298.0000		-0.2532		
	299.0000		-0.2504		
END
