IGOR
X| Wed Jul 05 02:29:41 2017
X|   0.000000000000 0 X|
X|   0.000000000000 0 X|
X|   0.000000000000 0 X|
X|   0.000000000000 0 X|
X| data_type 	 num_points 	 num_chans 	 shots_per_read 	 reads_per_point 	 num_sweeps
X|      0   			  300   		     1    		   30  		    10     			   1
WAVES	  XDATA  Z1DATA	 
BEGIN
	0.0000		-0.2420		
	1.0000		-0.2410		
	2.0000		-0.2420		
	3.0000		-0.2410		
	4.0000		-0.2408		
	5.0000		-0.2404		
	6.0000		-0.2418		
	7.0000		-0.2412		
	8.0000		-0.2400		
	9.0000		-0.2400		
	10.0000		-0.2402		
	11.0000		-0.2400		
	12.0000		-0.2400		
	13.0000		-0.2402		
	14.0000		-0.2420		
	15.0000		-0.2432		
	16.0000		-0.2450		
	17.0000		-0.2418		
	18.0000		-0.2420		
	19.0000		-0.2412		
	20.0000		-0.2423		
	21.0000		-0.2444		
	22.0000		-0.2420		
	23.0000		-0.2444		
	24.0000		-0.2452		
	25.0000		-0.2466		
	26.0000		-0.2468		
	27.0000		-0.2491		
	28.0000		-0.2497		
	29.0000		-0.2500		
	30.0000		-0.2514		
	31.0000		-0.2502		
	32.0000		-0.2479		
	33.0000		-0.2470		
	34.0000		-0.2468		
	35.0000		-0.2482		
	36.0000		-0.2470		
	37.0000		-0.2468		
	38.0000		-0.2468		
	39.0000		-0.2473		
	40.0000		-0.2512		
	41.0000		-0.2504		
	42.0000		-0.2488		
	43.0000		-0.2458		
	44.0000		-0.2466		
	45.0000		-0.2458		
	46.0000		-0.2438		
	47.0000		-0.2418		
	48.0000		-0.2423		
	49.0000		-0.2429		
	50.0000		-0.2458		
	51.0000		-0.2510		
	52.0000		-0.2510		
	53.0000		-0.2500		
	54.0000		-0.2506		
	55.0000		-0.2502		
	56.0000		-0.2485		
	57.0000		-0.2470		
	58.0000		-0.2482		
	59.0000		-0.2500		
	60.0000		-0.2510		
	61.0000		-0.2488		
	62.0000		-0.2500		
	63.0000		-0.2500		
	64.0000		-0.2497		
	65.0000		-0.2460		
	66.0000		-0.2450		
	67.0000		-0.2462		
	68.0000		-0.2450		
	69.0000		-0.2444		
	70.0000		-0.2410		
	71.0000		-0.2400		
	72.0000		-0.2425		
	73.0000		-0.2447		
	74.0000		-0.2421		
	75.0000		-0.2408		
	76.0000		-0.2410		
	77.0000		-0.2420		
	78.0000		-0.2420		
	79.0000		-0.2416		
	80.0000		-0.2385		
	81.0000		-0.2370		
	82.0000		-0.2376		
	83.0000		-0.2397		
	84.0000		-0.2400		
	85.0000		-0.2416		
	86.0000		-0.2402		
	87.0000		-0.2402		
	88.0000		-0.2394		
	89.0000		-0.2376		
	90.0000		-0.2400		
	91.0000		-0.2400		
	92.0000		-0.2385		
	93.0000		-0.2397		
	94.0000		-0.2391		
	95.0000		-0.2370		
	96.0000		-0.2366		
	97.0000		-0.2356		
	98.0000		-0.2383		
	99.0000		-0.2394		
	100.0000		-0.2373		
	101.0000		-0.2373		
	102.0000		-0.2376		
	103.0000		-0.2397		
	104.0000		-0.2400		
	105.0000		-0.2400		
	106.0000		-0.2408		
	107.0000		-0.2406		
	108.0000		-0.2400		
	109.0000		-0.2404		
	110.0000		-0.2420		
	111.0000		-0.2420		
	112.0000		-0.2416		
	113.0000		-0.2416		
	114.0000		-0.2416		
	115.0000		-0.2404		
	116.0000		-0.2402		
	117.0000		-0.2400		
	118.0000		-0.2400		
	119.0000		-0.2400		
	120.0000		-0.2400		
	121.0000		-0.2408		
	122.0000		-0.2436		
	123.0000		-0.2426		
	124.0000		-0.2414		
	125.0000		-0.2406		
	126.0000		-0.2400		
	127.0000		-0.2388		
	128.0000		-0.2400		
	129.0000		-0.2410		
	130.0000		-0.2420		
	131.0000		-0.2416		
	132.0000		-0.2420		
	133.0000		-0.2420		
	134.0000		-0.2400		
	135.0000		-0.2414		
	136.0000		-0.2416		
	137.0000		-0.2410		
	138.0000		-0.2397		
	139.0000		-0.2408		
	140.0000		-0.2420		
	141.0000		-0.2420		
	142.0000		-0.2420		
	143.0000		-0.2420		
	144.0000		-0.2414		
	145.0000		-0.2408		
	146.0000		-0.2418		
	147.0000		-0.2404		
	148.0000		-0.2397		
	149.0000		-0.2370		
	150.0000		-0.2391		
	151.0000		-0.2388		
	152.0000		-0.2391		
	153.0000		-0.2388		
	154.0000		-0.2391		
	155.0000		-0.2400		
	156.0000		-0.2406		
	157.0000		-0.2397		
	158.0000		-0.2370		
	159.0000		-0.2373		
	160.0000		-0.2379		
	161.0000		-0.2391		
	162.0000		-0.2391		
	163.0000		-0.2400		
	164.0000		-0.2429		
	165.0000		-0.2408		
	166.0000		-0.2400		
	167.0000		-0.2394		
	168.0000		-0.2400		
	169.0000		-0.2391		
	170.0000		-0.2397		
	171.0000		-0.2404		
	172.0000		-0.2408		
	173.0000		-0.2416		
	174.0000		-0.2435		
	175.0000		-0.2420		
	176.0000		-0.2423		
	177.0000		-0.2423		
	178.0000		-0.2438		
	179.0000		-0.2454		
	180.0000		-0.2428		
	181.0000		-0.2410		
	182.0000		-0.2406		
	183.0000		-0.2420		
	184.0000		-0.2420		
	185.0000		-0.2429		
	186.0000		-0.2441		
	187.0000		-0.2450		
	188.0000		-0.2441		
	189.0000		-0.2467		
	190.0000		-0.2488		
	191.0000		-0.2473		
	192.0000		-0.2479		
	193.0000		-0.2506		
	194.0000		-0.2491		
	195.0000		-0.2491		
	196.0000		-0.2494		
	197.0000		-0.2485		
	198.0000		-0.2464		
	199.0000		-0.2450		
	200.0000		-0.2452		
	201.0000		-0.2450		
	202.0000		-0.2450		
	203.0000		-0.2450		
	204.0000		-0.2450		
	205.0000		-0.2420		
	206.0000		-0.2441		
	207.0000		-0.2420		
	208.0000		-0.2432		
	209.0000		-0.2450		
	210.0000		-0.2429		
	211.0000		-0.2444		
	212.0000		-0.2426		
	213.0000		-0.2418		
	214.0000		-0.2432		
	215.0000		-0.2420		
	216.0000		-0.2426		
	217.0000		-0.2426		
	218.0000		-0.2406		
	219.0000		-0.2423		
	220.0000		-0.2426		
	221.0000		-0.2432		
	222.0000		-0.2426		
	223.0000		-0.2450		
	224.0000		-0.2456		
	225.0000		-0.2438		
	226.0000		-0.2458		
	227.0000		-0.2470		
	228.0000		-0.2468		
	229.0000		-0.2460		
	230.0000		-0.2470		
	231.0000		-0.2468		
	232.0000		-0.2462		
	233.0000		-0.2470		
	234.0000		-0.2462		
	235.0000		-0.2458		
	236.0000		-0.2450		
	237.0000		-0.2450		
	238.0000		-0.2462		
	239.0000		-0.2470		
	240.0000		-0.2470		
	241.0000		-0.2470		
	242.0000		-0.2458		
	243.0000		-0.2456		
	244.0000		-0.2456		
	245.0000		-0.2468		
	246.0000		-0.2462		
	247.0000		-0.2455		
	248.0000		-0.2420		
	249.0000		-0.2406		
	250.0000		-0.2412		
	251.0000		-0.2435		
	252.0000		-0.2450		
	253.0000		-0.2447		
	254.0000		-0.2423		
	255.0000		-0.2435		
	256.0000		-0.2444		
	257.0000		-0.2421		
	258.0000		-0.2423		
	259.0000		-0.2426		
	260.0000		-0.2450		
	261.0000		-0.2420		
	262.0000		-0.2406		
	263.0000		-0.2400		
	264.0000		-0.2402		
	265.0000		-0.2400		
	266.0000		-0.2400		
	267.0000		-0.2400		
	268.0000		-0.2379		
	269.0000		-0.2370		
	270.0000		-0.2366		
	271.0000		-0.2373		
	272.0000		-0.2394		
	273.0000		-0.2400		
	274.0000		-0.2420		
	275.0000		-0.2420		
	276.0000		-0.2441		
	277.0000		-0.2429		
	278.0000		-0.2450		
	279.0000		-0.2444		
	280.0000		-0.2435		
	281.0000		-0.2450		
	282.0000		-0.2456		
	283.0000		-0.2446		
	284.0000		-0.2423		
	285.0000		-0.2420		
	286.0000		-0.2432		
	287.0000		-0.2450		
	288.0000		-0.2435		
	289.0000		-0.2414		
	290.0000		-0.2414		
	291.0000		-0.2420		
	292.0000		-0.2412		
	293.0000		-0.2399		
	294.0000		-0.2370		
	295.0000		-0.2350		
	296.0000		-0.2368		
	297.0000		-0.2376		
	298.0000		-0.2416		
	299.0000		-0.2454		
END
