	0.0000		0.1396		
	1.0000		0.1402		
	2.0000		0.1412		
	3.0000		0.1415		
	4.0000		0.1420		
	5.0000		0.1410		
	6.0000		0.1404		
	7.0000		0.1432		
	8.0000		0.1429		
	9.0000		0.1416		
	10.0000		0.1444		
	11.0000		0.1444		
	12.0000		0.1454		
	13.0000		0.1464		
	14.0000		0.1446		
	15.0000		0.1452		
	16.0000		0.1423		
	17.0000		0.1410		
	18.0000		0.1423		
	19.0000		0.1432		
	20.0000		0.1438		
	21.0000		0.1450		
	22.0000		0.1464		
	23.0000		0.1446		
	24.0000		0.1432		
	25.0000		0.1426		
	26.0000		0.1444		
	27.0000		0.1429		
	28.0000		0.1416		
	29.0000		0.1441		
	30.0000		0.1464		
	31.0000		0.1462		
	32.0000		0.1462		
	33.0000		0.1420		
	34.0000		0.1408		
	35.0000		0.1410		
	36.0000		0.1420		
	37.0000		0.1423		
	38.0000		0.1402		
	39.0000		0.1416		
	40.0000		0.1393		
	41.0000		0.1449		
	42.0000		0.1466		
	43.0000		0.1420		
	44.0000		0.1442		
	45.0000		0.1418		
	46.0000		0.1420		
	47.0000		0.1417		
	48.0000		0.1410		
	49.0000		0.1432		
	50.0000		0.1442		
	51.0000		0.1447		
	52.0000		0.1451		
	53.0000		0.1423		
	54.0000		0.1438		
	55.0000		0.1435		
	56.0000		0.1429		
	57.0000		0.1416		
	58.0000		0.1397		
	59.0000		0.1379		
	60.0000		0.1412		
	61.0000		0.1398		
	62.0000		0.1408		
	63.0000		0.1418		
	64.0000		0.1425		
	65.0000		0.1410		
	66.0000		0.1429		
	67.0000		0.1449		
	68.0000		0.1429		
	69.0000		0.1418		
	70.0000		0.1427		
	71.0000		0.1435		
	72.0000		0.1426		
	73.0000		0.1432		
	74.0000		0.1451		
	75.0000		0.1455		
	76.0000		0.1446		
	77.0000		0.1468		
	78.0000		0.1464		
	79.0000		0.1488		
	80.0000		0.1495		
	81.0000		0.1470		
	82.0000		0.1473		
	83.0000		0.1473		
	84.0000		0.1482		
	85.0000		0.1457		
	86.0000		0.1462		
	87.0000		0.1460		
	88.0000		0.1430		
	89.0000		0.1418		
	90.0000		0.1444		
	91.0000		0.1423		
	92.0000		0.1449		
	93.0000		0.1477		
	94.0000		0.1480		
	95.0000		0.1468		
	96.0000		0.1462		
	97.0000		0.1435		
	98.0000		0.1445		
	99.0000		0.1416		
	100.0000		0.1376		
	101.0000		0.1389		
	102.0000		0.1406		
	103.0000		0.1409		
	104.0000		0.1416		
	105.0000		0.1428		
	106.0000		0.1410		
	107.0000		0.1388		
	108.0000		0.1401		
	109.0000		0.1406		
	110.0000		0.1391		
	111.0000		0.1382		
	112.0000		0.1410		
	113.0000		0.1410		
	114.0000		0.1420		
	115.0000		0.1399		
	116.0000		0.1368		
	117.0000		0.1350		
	118.0000		0.1365		
	119.0000		0.1384		
	120.0000		0.1452		
	121.0000		0.1439		
	122.0000		0.1388		
	123.0000		0.1400		
	124.0000		0.1410		
	125.0000		0.1413		
	126.0000		0.1448		
	127.0000		0.1442		
	128.0000		0.1435		
	129.0000		0.1443		
	130.0000		0.1416		
	131.0000		0.1435		
	132.0000		0.1423		
	133.0000		0.1408		
	134.0000		0.1408		
	135.0000		0.1402		
	136.0000		0.1410		
	137.0000		0.1406		
	138.0000		0.1388		
	139.0000		0.1412		
	140.0000		0.1384		
	141.0000		0.1400		
	142.0000		0.1416		
	143.0000		0.1399		
	144.0000		0.1400		
	145.0000		0.1397		
	146.0000		0.1388		
	147.0000		0.1391		
	148.0000		0.1414		
	149.0000		0.1410		
	150.0000		0.1408		
	151.0000		0.1410		
	152.0000		0.1425		
	153.0000		0.1450		
	154.0000		0.1441		
	155.0000		0.1420		
	156.0000		0.1432		
	157.0000		0.1444		
	158.0000		0.1429		
	159.0000		0.1468		
	160.0000		0.1470		
	161.0000		0.1456		
	162.0000		0.1475		
	163.0000		0.1491		
	164.0000		0.1497		
	165.0000		0.1482		
	166.0000		0.1479		
	167.0000		0.1455		
	168.0000		0.1448		
	169.0000		0.1464		
	170.0000		0.1460		
	171.0000		0.1468		
	172.0000		0.1460		
	173.0000		0.1433		
	174.0000		0.1416		
	175.0000		0.1467		
	176.0000		0.1460		
	177.0000		0.1487		
	178.0000		0.1507		
	179.0000		0.1522		
	180.0000		0.1490		
	181.0000		0.1466		
	182.0000		0.1421		
	183.0000		0.1420		
	184.0000		0.1441		
	185.0000		0.1420		
	186.0000		0.1420		
	187.0000		0.1420		
	188.0000		0.1438		
	189.0000		0.1444		
	190.0000		0.1429		
	191.0000		0.1450		
	192.0000		0.1458		
	193.0000		0.1457		
	194.0000		0.1462		
	195.0000		0.1491		
	196.0000		0.1485		
	197.0000		0.1488		
	198.0000		0.1471		
	199.0000		0.1442		
	200.0000		0.1438		
	201.0000		0.1438		
	202.0000		0.1410		
	203.0000		0.1418		
	204.0000		0.1426		
	205.0000		0.1485		
	206.0000		0.1494		
	207.0000		0.1473		
	208.0000		0.1454		
	209.0000		0.1452		
	210.0000		0.1466		
	211.0000		0.1444		
	212.0000		0.1426		
	213.0000		0.1413		
	214.0000		0.1420		
	215.0000		0.1432		
	216.0000		0.1454		
	217.0000		0.1430		
	218.0000		0.1430		
	219.0000		0.1429		
	220.0000		0.1444		
	221.0000		0.1417		
	222.0000		0.1423		
	223.0000		0.1420		
	224.0000		0.1426		
	225.0000		0.1418		
	226.0000		0.1402		
	227.0000		0.1423		
	228.0000		0.1421		
	229.0000		0.1414		
	230.0000		0.1410		
	231.0000		0.1420		
	232.0000		0.1422		
	233.0000		0.1424		
	234.0000		0.1404		
	235.0000		0.1400		
	236.0000		0.1385		
	237.0000		0.1364		
	238.0000		0.1376		
	239.0000		0.1366		
	240.0000		0.1372		
	241.0000		0.1401		
	242.0000		0.1412		
	243.0000		0.1414		
	244.0000		0.1429		
	245.0000		0.1394		
	246.0000		0.1412		
	247.0000		0.1407		
	248.0000		0.1420		
	249.0000		0.1456		
	250.0000		0.1441		
	251.0000		0.1426		
	252.0000		0.1420		
	253.0000		0.1432		
	254.0000		0.1418		
	255.0000		0.1376		
	256.0000		0.1384		
	257.0000		0.1390		
	258.0000		0.1379		
	259.0000		0.1392		
	260.0000		0.1402		
	261.0000		0.1409		
	262.0000		0.1397		
	263.0000		0.1421		
	264.0000		0.1449		
	265.0000		0.1460		
	266.0000		0.1435		
	267.0000		0.1431		
	268.0000		0.1412		
	269.0000		0.1423		
	270.0000		0.1420		
	271.0000		0.1420		
	272.0000		0.1429		
	273.0000		0.1454		
	274.0000		0.1456		
	275.0000		0.1460		
	276.0000		0.1444		
	277.0000		0.1468		
	278.0000		0.1482		
	279.0000		0.1474		
	280.0000		0.1466		
	281.0000		0.1477		
	282.0000		0.1468		
	283.0000		0.1458		
	284.0000		0.1434		
	285.0000		0.1435		
	286.0000		0.1445		
	287.0000		0.1418		
	288.0000		0.1414		
	289.0000		0.1423		
	290.0000		0.1423		
	291.0000		0.1430		
	292.0000		0.1422		
	293.0000		0.1406		
	294.0000		0.1427		
	295.0000		0.1421		
	296.0000		0.1400		
	297.0000		0.1394		
	298.0000		0.1400		
	299.0000		0.1395		
	300.0000		0.1432		
	301.0000		0.1447		
	302.0000		0.1429		
	303.0000		0.1426		
	304.0000		0.1414		
	305.0000		0.1426		
	306.0000		0.1406		
	307.0000		0.1402		
	308.0000		0.1410		
	309.0000		0.1416		
	310.0000		0.1403		
	311.0000		0.1401		
	312.0000		0.1391		
	313.0000		0.1360		
	314.0000		0.1368		
	315.0000		0.1412		
	316.0000		0.1420		
	317.0000		0.1420		
	318.0000		0.1420		
	319.0000		0.1400		
	320.0000		0.1426		
	321.0000		0.1442		
	322.0000		0.1468		
	323.0000		0.1443		
	324.0000		0.1423		
	325.0000		0.1426		
	326.0000		0.1429		
	327.0000		0.1423		
	328.0000		0.1460		
	329.0000		0.1429		
	330.0000		0.1451		
	331.0000		0.1413		
	332.0000		0.1410		
	333.0000		0.1452		
	334.0000		0.1441		
	335.0000		0.1464		
	336.0000		0.1476		
	337.0000		0.1476		
	338.0000		0.1466		
	339.0000		0.1449		
	340.0000		0.1438		
	341.0000		0.1455		
	342.0000		0.1460		
	343.0000		0.1457		
	344.0000		0.1430		
	345.0000		0.1414		
	346.0000		0.1472		
	347.0000		0.1470		
	348.0000		0.1429		
	349.0000		0.1420		
	350.0000		0.1435		
	351.0000		0.1456		
	352.0000		0.1429		
	353.0000		0.1420		
	354.0000		0.1426		
	355.0000		0.1426		
	356.0000		0.1416		
	357.0000		0.1419		
	358.0000		0.1426		
	359.0000		0.1419		
	360.0000		0.1408		
	361.0000		0.1394		
	362.0000		0.1400		
	363.0000		0.1367		
	364.0000		0.1372		
	365.0000		0.1420		
	366.0000		0.1394		
	367.0000		0.1424		
	368.0000		0.1388		
	369.0000		0.1376		
	370.0000		0.1396		
	371.0000		0.1406		
	372.0000		0.1412		
	373.0000		0.1404		
	374.0000		0.1402		
	375.0000		0.1379		
	376.0000		0.1376		
	377.0000		0.1382		
	378.0000		0.1392		
	379.0000		0.1408		
	380.0000		0.1383		
	381.0000		0.1402		
	382.0000		0.1386		
	383.0000		0.1366		
	384.0000		0.1407		
	385.0000		0.1404		
	386.0000		0.1402		
	387.0000		0.1410		
	388.0000		0.1399		
	389.0000		0.1394		
	390.0000		0.1410		
	391.0000		0.1382		
	392.0000		0.1402		
	393.0000		0.1379		
	394.0000		0.1379		
	395.0000		0.1373		
	396.0000		0.1350		
	397.0000		0.1335		
	398.0000		0.1332		
	399.0000		0.1350		
	400.0000		0.1354		
	401.0000		0.1370		
	402.0000		0.1398		
	403.0000		0.1427		
	404.0000		0.1387		
	405.0000		0.1370		
	406.0000		0.1376		
	407.0000		0.1400		
	408.0000		0.1388		
	409.0000		0.1406		
	410.0000		0.1388		
	411.0000		0.1388		
	412.0000		0.1376		
	413.0000		0.1380		
	414.0000		0.1404		
	415.0000		0.1446		
	416.0000		0.1429		
	417.0000		0.1426		
	418.0000		0.1420		
	419.0000		0.1410		
	420.0000		0.1426		
	421.0000		0.1432		
	422.0000		0.1432		
	423.0000		0.1426		
	424.0000		0.1401		
	425.0000		0.1370		
	426.0000		0.1370		
	427.0000		0.1388		
	428.0000		0.1396		
	429.0000		0.1411		
	430.0000		0.1418		
	431.0000		0.1385		
	432.0000		0.1406		
	433.0000		0.1379		
	434.0000		0.1376		
	435.0000		0.1385		
	436.0000		0.1400		
	437.0000		0.1388		
	438.0000		0.1370		
	439.0000		0.1397		
	440.0000		0.1391		
	441.0000		0.1423		
	442.0000		0.1429		
	443.0000		0.1412		
	444.0000		0.1429		
	445.0000		0.1438		
	446.0000		0.1430		
	447.0000		0.1429		
	448.0000		0.1417		
	449.0000		0.1417		
	450.0000		0.1399		
	451.0000		0.1406		
	452.0000		0.1404		
	453.0000		0.1418		
	454.0000		0.1408		
	455.0000		0.1388		
	456.0000		0.1402		
	457.0000		0.1432		
	458.0000		0.1432		
	459.0000		0.1444		
	460.0000		0.1432		
	461.0000		0.1427		
	462.0000		0.1462		
	463.0000		0.1458		
	464.0000		0.1441		
	465.0000		0.1418		
	466.0000		0.1404		
	467.0000		0.1398		
	468.0000		0.1385		
	469.0000		0.1391		
	470.0000		0.1370		
	471.0000		0.1397		
	472.0000		0.1373		
	473.0000		0.1370		
	474.0000		0.1388		
	475.0000		0.1382		
	476.0000		0.1406		
	477.0000		0.1408		
	478.0000		0.1416		
	479.0000		0.1423		
	480.0000		0.1433		
	481.0000		0.1409		
	482.0000		0.1368		
	483.0000		0.1391		
	484.0000		0.1398		
	485.0000		0.1418		
	486.0000		0.1402		
	487.0000		0.1416		
	488.0000		0.1410		
	489.0000		0.1416		
	490.0000		0.1417		
	491.0000		0.1430		
	492.0000		0.1398		
	493.0000		0.1394		
	494.0000		0.1414		
	495.0000		0.1404		
	496.0000		0.1404		
	497.0000		0.1399		
	498.0000		0.1406		
	499.0000		0.1394		
	500.0000		0.1379		
	501.0000		0.1382		
	502.0000		0.1392		
	503.0000		0.1362		
	504.0000		0.1397		
	505.0000		0.1407		
	506.0000		0.1368		
	507.0000		0.1391		
	508.0000		0.1400		
	509.0000		0.1388		
	510.0000		0.1406		
	511.0000		0.1412		
	512.0000		0.1393		
	513.0000		0.1406		
	514.0000		0.1406		
	515.0000		0.1404		
	516.0000		0.1398		
	517.0000		0.1410		
	518.0000		0.1406		
	519.0000		0.1400		
	520.0000		0.1418		
	521.0000		0.1432		
	522.0000		0.1447		
	523.0000		0.1452		
	524.0000		0.1447		
	525.0000		0.1430		
	526.0000		0.1404		
	527.0000		0.1413		
	528.0000		0.1420		
	529.0000		0.1404		
	530.0000		0.1407		
	531.0000		0.1419		
	532.0000		0.1462		
	533.0000		0.1454		
	534.0000		0.1444		
	535.0000		0.1435		
	536.0000		0.1458		
	537.0000		0.1444		
	538.0000		0.1435		
	539.0000		0.1447		
	540.0000		0.1444		
	541.0000		0.1435		
	542.0000		0.1427		
	543.0000		0.1423		
	544.0000		0.1432		
	545.0000		0.1423		
	546.0000		0.1418		
	547.0000		0.1410		
	548.0000		0.1429		
	549.0000		0.1426		
	550.0000		0.1471		
	551.0000		0.1474		
	552.0000		0.1426		
	553.0000		0.1435		
	554.0000		0.1448		
	555.0000		0.1449		
	556.0000		0.1462		
	557.0000		0.1462		
	558.0000		0.1399		
	559.0000		0.1444		
	560.0000		0.1432		
	561.0000		0.1418		
	562.0000		0.1400		
	563.0000		0.1437		
	564.0000		0.1415		
	565.0000		0.1404		
	566.0000		0.1391		
	567.0000		0.1417		
	568.0000		0.1423		
	569.0000		0.1401		
	570.0000		0.1419		
	571.0000		0.1445		
	572.0000		0.1464		
	573.0000		0.1452		
	574.0000		0.1427		
	575.0000		0.1429		
	576.0000		0.1441		
	577.0000		0.1454		
	578.0000		0.1453		
	579.0000		0.1403		
	580.0000		0.1434		
	581.0000		0.1416		
	582.0000		0.1412		
	583.0000		0.1364		
	584.0000		0.1394		
	585.0000		0.1397		
	586.0000		0.1398		
	587.0000		0.1420		
	588.0000		0.1420		
	589.0000		0.1429		
	590.0000		0.1435		
	591.0000		0.1410		
	592.0000		0.1416		
	593.0000		0.1407		
	594.0000		0.1370		
	595.0000		0.1370		
	596.0000		0.1344		
	597.0000		0.1350		
	598.0000		0.1358		
	599.0000		0.1370		
	600.0000		0.1368		
	601.0000		0.1402		
	602.0000		0.1400		
	603.0000		0.1400		
	604.0000		0.1408		
	605.0000		0.1385		
	606.0000		0.1410		
	607.0000		0.1406		
	608.0000		0.1406		
	609.0000		0.1408		
	610.0000		0.1418		
	611.0000		0.1435		
	612.0000		0.1420		
	613.0000		0.1416		
	614.0000		0.1432		
	615.0000		0.1432		
	616.0000		0.1420		
	617.0000		0.1410		
	618.0000		0.1408		
	619.0000		0.1379		
	620.0000		0.1373		
	621.0000		0.1370		
	622.0000		0.1373		
	623.0000		0.1366		
	624.0000		0.1374		
	625.0000		0.1379		
	626.0000		0.1373		
	627.0000		0.1400		
	628.0000		0.1397		
	629.0000		0.1376		
	630.0000		0.1382		
	631.0000		0.1388		
	632.0000		0.1385		
	633.0000		0.1429		
	634.0000		0.1451		
	635.0000		0.1406		
	636.0000		0.1400		
	637.0000		0.1408		
	638.0000		0.1421		
	639.0000		0.1404		
	640.0000		0.1424		
	641.0000		0.1435		
	642.0000		0.1410		
	643.0000		0.1400		
	644.0000		0.1404		
	645.0000		0.1376		
	646.0000		0.1402		
	647.0000		0.1404		
	648.0000		0.1438		
	649.0000		0.1396		
	650.0000		0.1391		
	651.0000		0.1401		
	652.0000		0.1421		
	653.0000		0.1441		
	654.0000		0.1452		
	655.0000		0.1454		
	656.0000		0.1422		
	657.0000		0.1414		
	658.0000		0.1405		
	659.0000		0.1410		
	660.0000		0.1410		
	661.0000		0.1423		
	662.0000		0.1396		
	663.0000		0.1409		
	664.0000		0.1446		
	665.0000		0.1439		
	666.0000		0.1442		
	667.0000		0.1429		
	668.0000		0.1412		
	669.0000		0.1421		
	670.0000		0.1416		
	671.0000		0.1420		
	672.0000		0.1450		
	673.0000		0.1437		
	674.0000		0.1435		
	675.0000		0.1470		
	676.0000		0.1449		
	677.0000		0.1435		
	678.0000		0.1442		
	679.0000		0.1418		
	680.0000		0.1416		
	681.0000		0.1416		
	682.0000		0.1432		
	683.0000		0.1435		
	684.0000		0.1432		
	685.0000		0.1429		
	686.0000		0.1453		
	687.0000		0.1393		
	688.0000		0.1388		
	689.0000		0.1427		
	690.0000		0.1392		
	691.0000		0.1406		
	692.0000		0.1381		
	693.0000		0.1412		
	694.0000		0.1410		
	695.0000		0.1475		
	696.0000		0.1502		
	697.0000		0.1482		
	698.0000		0.1508		
	699.0000		0.1494		
	700.0000		0.1497		
	701.0000		0.1485		
	702.0000		0.1468		
	703.0000		0.1464		
	704.0000		0.1468		
	705.0000		0.1456		
	706.0000		0.1482		
	707.0000		0.1485		
	708.0000		0.1512		
	709.0000		0.1529		
	710.0000		0.1538		
	711.0000		0.1512		
	712.0000		0.1521		
	713.0000		0.1490		
	714.0000		0.1482		
	715.0000		0.1470		
	716.0000		0.1469		
	717.0000		0.1494		
	718.0000		0.1473		
	719.0000		0.1442		
	720.0000		0.1435		
	721.0000		0.1485		
	722.0000		0.1479		
	723.0000		0.1482		
	724.0000		0.1468		
	725.0000		0.1447		
	726.0000		0.1441		
	727.0000		0.1472		
	728.0000		0.1460		
	729.0000		0.1470		
	730.0000		0.1450		
	731.0000		0.1448		
	732.0000		0.1470		
	733.0000		0.1466		
	734.0000		0.1440		
	735.0000		0.1453		
	736.0000		0.1438		
	737.0000		0.1417		
	738.0000		0.1381		
	739.0000		0.1398		
	740.0000		0.1420		
	741.0000		0.1416		
	742.0000		0.1429		
	743.0000		0.1432		
	744.0000		0.1456		
	745.0000		0.1426		
	746.0000		0.1418		
	747.0000		0.1414		
	748.0000		0.1461		
	749.0000		0.1476		
	750.0000		0.1460		
	751.0000		0.1447		
	752.0000		0.1452		
	753.0000		0.1443		
	754.0000		0.1451		
	755.0000		0.1446		
	756.0000		0.1468		
	757.0000		0.1429		
	758.0000		0.1429		
	759.0000		0.1421		
	760.0000		0.1438		
	761.0000		0.1451		
	762.0000		0.1450		
	763.0000		0.1468		
	764.0000		0.1444		
	765.0000		0.1424		
	766.0000		0.1435		
	767.0000		0.1426		
	768.0000		0.1467		
	769.0000		0.1469		
	770.0000		0.1474		
	771.0000		0.1468		
	772.0000		0.1470		
	773.0000		0.1435		
	774.0000		0.1429		
	775.0000		0.1422		
	776.0000		0.1426		
	777.0000		0.1473		
	778.0000		0.1446		
	779.0000		0.1454		
	780.0000		0.1471		
	781.0000		0.1444		
	782.0000		0.1466		
	783.0000		0.1442		
	784.0000		0.1441		
	785.0000		0.1450		
	786.0000		0.1448		
	787.0000		0.1413		
	788.0000		0.1454		
	789.0000		0.1456		
	790.0000		0.1438		
	791.0000		0.1444		
	792.0000		0.1434		
	793.0000		0.1442		
	794.0000		0.1477		
	795.0000		0.1423		
	796.0000		0.1444		
	797.0000		0.1461		
	798.0000		0.1466		
	799.0000		0.1452		
	800.0000		0.1458		
	801.0000		0.1429		
	802.0000		0.1392		
	803.0000		0.1382		
	804.0000		0.1410		
	805.0000		0.1423		
	806.0000		0.1408		
	807.0000		0.1414		
	808.0000		0.1406		
	809.0000		0.1412		
	810.0000		0.1429		
	811.0000		0.1423		
	812.0000		0.1408		
	813.0000		0.1416		
	814.0000		0.1427		
	815.0000		0.1425		
	816.0000		0.1470		
	817.0000		0.1466		
	818.0000		0.1450		
	819.0000		0.1424		
	820.0000		0.1442		
	821.0000		0.1438		
	822.0000		0.1412		
	823.0000		0.1398		
	824.0000		0.1393		
	825.0000		0.1404		
	826.0000		0.1401		
	827.0000		0.1414		
	828.0000		0.1417		
	829.0000		0.1399		
	830.0000		0.1401		
	831.0000		0.1373		
	832.0000		0.1382		
	833.0000		0.1379		
	834.0000		0.1379		
	835.0000		0.1391		
	836.0000		0.1402		
	837.0000		0.1412		
	838.0000		0.1416		
	839.0000		0.1408		
	840.0000		0.1432		
	841.0000		0.1414		
	842.0000		0.1397		
	843.0000		0.1385		
	844.0000		0.1397		
	845.0000		0.1388		
	846.0000		0.1435		
	847.0000		0.1391		
	848.0000		0.1410		
	849.0000		0.1410		
	850.0000		0.1434		
	851.0000		0.1370		
	852.0000		0.1382		
	853.0000		0.1376		
	854.0000		0.1394		
	855.0000		0.1376		
	856.0000		0.1391		
	857.0000		0.1388		
	858.0000		0.1382		
	859.0000		0.1404		
	860.0000		0.1416		
	861.0000		0.1402		
	862.0000		0.1432		
	863.0000		0.1421		
	864.0000		0.1404		
	865.0000		0.1393		
	866.0000		0.1402		
	867.0000		0.1379		
	868.0000		0.1366		
	869.0000		0.1358		
	870.0000		0.1364		
	871.0000		0.1356		
	872.0000		0.1361		
	873.0000		0.1347		
	874.0000		0.1378		
	875.0000		0.1400		
	876.0000		0.1397		
	877.0000		0.1414		
	878.0000		0.1416		
	879.0000		0.1404		
	880.0000		0.1421		
	881.0000		0.1414		
	882.0000		0.1410		
	883.0000		0.1414		
	884.0000		0.1427		
	885.0000		0.1385		
	886.0000		0.1374		
	887.0000		0.1356		
	888.0000		0.1364		
	889.0000		0.1352		
	890.0000		0.1382		
	891.0000		0.1410		
	892.0000		0.1401		
	893.0000		0.1391		
	894.0000		0.1388		
	895.0000		0.1382		
	896.0000		0.1376		
	897.0000		0.1382		
	898.0000		0.1367		
	899.0000		0.1364		
	900.0000		0.1364		
	901.0000		0.1370		
	902.0000		0.1391		
	903.0000		0.1360		
	904.0000		0.1366		
	905.0000		0.1358		
	906.0000		0.1398		
	907.0000		0.1400		
	908.0000		0.1397		
	909.0000		0.1374		
	910.0000		0.1368		
	911.0000		0.1358		
	912.0000		0.1366		
	913.0000		0.1391		
	914.0000		0.1404		
	915.0000		0.1382		
	916.0000		0.1412		
	917.0000		0.1404		
	918.0000		0.1396		
	919.0000		0.1388		
	920.0000		0.1400		
	921.0000		0.1400		
	922.0000		0.1402		
	923.0000		0.1428		
	924.0000		0.1436		
	925.0000		0.1414		
	926.0000		0.1402		
	927.0000		0.1420		
	928.0000		0.1424		
	929.0000		0.1432		
	930.0000		0.1420		
	931.0000		0.1410		
	932.0000		0.1408		
	933.0000		0.1397		
	934.0000		0.1397		
	935.0000		0.1388		
	936.0000		0.1385		
	937.0000		0.1376		
	938.0000		0.1397		
	939.0000		0.1401		
	940.0000		0.1376		
	941.0000		0.1367		
	942.0000		0.1370		
	943.0000		0.1370		
	944.0000		0.1382		
	945.0000		0.1391		
	946.0000		0.1376		
	947.0000		0.1358		
	948.0000		0.1347		
	949.0000		0.1349		
	950.0000		0.1342		
	951.0000		0.1342		
	952.0000		0.1374		
	953.0000		0.1337		
	954.0000		0.1348		
	955.0000		0.1347		
	956.0000		0.1344		
	957.0000		0.1306		
	958.0000		0.1332		
	959.0000		0.1382		
	960.0000		0.1371		
	961.0000		0.1354		
	962.0000		0.1342		
	963.0000		0.1355		
	964.0000		0.1365		
	965.0000		0.1376		
	966.0000		0.1388		
	967.0000		0.1368		
	968.0000		0.1364		
	969.0000		0.1360		
	970.0000		0.1330		
	971.0000		0.1312		
	972.0000		0.1324		
	973.0000		0.1312		
	974.0000		0.1321		
	975.0000		0.1310		
	976.0000		0.1321		
	977.0000		0.1342		
	978.0000		0.1357		
	979.0000		0.1316		
	980.0000		0.1304		
	981.0000		0.1319		
	982.0000		0.1323		
	983.0000		0.1329		
	984.0000		0.1375		
	985.0000		0.1364		
	986.0000		0.1332		
	987.0000		0.1332		
	988.0000		0.1357		
	989.0000		0.1373		
	990.0000		0.1379		
	991.0000		0.1369		
	992.0000		0.1369		
	993.0000		0.1368		
	994.0000		0.1362		
	995.0000		0.1364		
	996.0000		0.1356		
	997.0000		0.1373		
	998.0000		0.1364		
	999.0000		0.1347		
	1000.0000		0.1338		
	1001.0000		0.1331		
	1002.0000		0.1318		
	1003.0000		0.1344		
	1004.0000		0.1368		
	1005.0000		0.1362		
	1006.0000		0.1358		
	1007.0000		0.1354		
	1008.0000		0.1354		
	1009.0000		0.1370		
	1010.0000		0.1403		
	1011.0000		0.1385		
	1012.0000		0.1371		
	1013.0000		0.1382		
	1014.0000		0.1370		
	1015.0000		0.1372		
	1016.0000		0.1388		
	1017.0000		0.1388		
	1018.0000		0.1400		
	1019.0000		0.1402		
	1020.0000		0.1400		
	1021.0000		0.1397		
	1022.0000		0.1391		
	1023.0000		0.1391		
	1024.0000		0.1388		
	1025.0000		0.1382		
	1026.0000		0.1366		
	1027.0000		0.1397		
	1028.0000		0.1402		
	1029.0000		0.1396		
	1030.0000		0.1400		
	1031.0000		0.1414		
	1032.0000		0.1418		
	1033.0000		0.1384		
	1034.0000		0.1376		
	1035.0000		0.1385		
	1036.0000		0.1400		
	1037.0000		0.1410		
	1038.0000		0.1396		
	1039.0000		0.1382		
	1040.0000		0.1373		
	1041.0000		0.1376		
	1042.0000		0.1364		
	1043.0000		0.1349		
	1044.0000		0.1363		
	1045.0000		0.1370		
	1046.0000		0.1368		
	1047.0000		0.1373		
	1048.0000		0.1356		
	1049.0000		0.1367		
	1050.0000		0.1364		
	1051.0000		0.1373		
	1052.0000		0.1354		
	1053.0000		0.1362		
	1054.0000		0.1388		
	1055.0000		0.1382		
	1056.0000		0.1365		
	1057.0000		0.1352		
	1058.0000		0.1365		
	1059.0000		0.1366		
	1060.0000		0.1365		
	1061.0000		0.1399		
	1062.0000		0.1395		
	1063.0000		0.1343		
	1064.0000		0.1374		
	1065.0000		0.1341		
	1066.0000		0.1364		
	1067.0000		0.1385		
	1068.0000		0.1394		
	1069.0000		0.1362		
	1070.0000		0.1370		
	1071.0000		0.1398		
	1072.0000		0.1385		
	1073.0000		0.1368		
	1074.0000		0.1381		
	1075.0000		0.1368		
	1076.0000		0.1373		
	1077.0000		0.1370		
	1078.0000		0.1376		
	1079.0000		0.1370		
	1080.0000		0.1355		
	1081.0000		0.1324		
	1082.0000		0.1319		
	1083.0000		0.1333		
	1084.0000		0.1322		
	1085.0000		0.1307		
	1086.0000		0.1263		
	1087.0000		0.1303		
	1088.0000		0.1342		
	1089.0000		0.1296		
	1090.0000		0.1316		
	1091.0000		0.1320		
	1092.0000		0.1308		
	1093.0000		0.1319		
	1094.0000		0.1321		
	1095.0000		0.1333		
	1096.0000		0.1304		
	1097.0000		0.1299		
	1098.0000		0.1291		
	1099.0000		0.1310		
	1100.0000		0.1321		
	1101.0000		0.1316		
	1102.0000		0.1312		
	1103.0000		0.1320		
	1104.0000		0.1355		
	1105.0000		0.1362		
	1106.0000		0.1353		
	1107.0000		0.1305		
	1108.0000		0.1338		
	1109.0000		0.1338		
	1110.0000		0.1303		
	1111.0000		0.1306		
	1112.0000		0.1304		
	1113.0000		0.1326		
	1114.0000		0.1306		
	1115.0000		0.1279		
	1116.0000		0.1268		
	1117.0000		0.1295		
	1118.0000		0.1344		
	1119.0000		0.1362		
	1120.0000		0.1350		
	1121.0000		0.1350		
	1122.0000		0.1316		
	1123.0000		0.1323		
	1124.0000		0.1332		
	1125.0000		0.1326		
	1126.0000		0.1356		
	1127.0000		0.1350		
	1128.0000		0.1336		
	1129.0000		0.1296		
	1130.0000		0.1308		
	1131.0000		0.1316		
	1132.0000		0.1329		
	1133.0000		0.1306		
	1134.0000		0.1321		
	1135.0000		0.1329		
	1136.0000		0.1351		
	1137.0000		0.1332		
	1138.0000		0.1338		
	1139.0000		0.1354		
	1140.0000		0.1335		
	1141.0000		0.1364		
	1142.0000		0.1366		
	1143.0000		0.1354		
	1144.0000		0.1356		
	1145.0000		0.1347		
	1146.0000		0.1364		
	1147.0000		0.1385		
	1148.0000		0.1400		
	1149.0000		0.1397		
	1150.0000		0.1368		
	1151.0000		0.1370		
	1152.0000		0.1390		
	1153.0000		0.1376		
	1154.0000		0.1404		
	1155.0000		0.1394		
	1156.0000		0.1400		
	1157.0000		0.1408		
	1158.0000		0.1374		
	1159.0000		0.1324		
	1160.0000		0.1332		
	1161.0000		0.1326		
	1162.0000		0.1320		
	1163.0000		0.1344		
	1164.0000		0.1343		
	1165.0000		0.1352		
	1166.0000		0.1375		
	1167.0000		0.1368		
	1168.0000		0.1388		
	1169.0000		0.1388		
	1170.0000		0.1373		
	1171.0000		0.1374		
	1172.0000		0.1388		
	1173.0000		0.1408		
	1174.0000		0.1413		
	1175.0000		0.1400		
	1176.0000		0.1386		
	1177.0000		0.1371		
	1178.0000		0.1374		
	1179.0000		0.1360		
	1180.0000		0.1378		
	1181.0000		0.1396		
	1182.0000		0.1378		
	1183.0000		0.1416		
	1184.0000		0.1420		
	1185.0000		0.1449		
	1186.0000		0.1435		
	1187.0000		0.1426		
	1188.0000		0.1444		
	1189.0000		0.1429		
	1190.0000		0.1420		
	1191.0000		0.1390		
	1192.0000		0.1404		
	1193.0000		0.1420		
	1194.0000		0.1423		
	1195.0000		0.1454		
	1196.0000		0.1457		
	1197.0000		0.1441		
	1198.0000		0.1408		
	1199.0000		0.1394		