	0.0000		0.1685		
	1.0000		0.1724		
	2.0000		0.1720		
	3.0000		0.1727		
	4.0000		0.1756		
	5.0000		0.1732		
	6.0000		0.1744		
	7.0000		0.1742		
	8.0000		0.1758		
	9.0000		0.1760		
	10.0000		0.1750		
	11.0000		0.1726		
	12.0000		0.1713		
	13.0000		0.1668		
	14.0000		0.1700		
	15.0000		0.1697		
	16.0000		0.1708		
	17.0000		0.1738		
	18.0000		0.1779		
	19.0000		0.1776		
	20.0000		0.1760		
	21.0000		0.1758		
	22.0000		0.1729		
	23.0000		0.1758		
	24.0000		0.1766		
	25.0000		0.1755		
	26.0000		0.1744		
	27.0000		0.1744		
	28.0000		0.1755		
	29.0000		0.1750		
	30.0000		0.1740		
	31.0000		0.1770		
	32.0000		0.1770		
	33.0000		0.1791		
	34.0000		0.1768		
	35.0000		0.1754		
	36.0000		0.1754		
	37.0000		0.1760		
	38.0000		0.1764		
	39.0000		0.1763		
	40.0000		0.1793		
	41.0000		0.1806		
	42.0000		0.1773		
	43.0000		0.1782		
	44.0000		0.1744		
	45.0000		0.1748		
	46.0000		0.1733		
	47.0000		0.1721		
	48.0000		0.1708		
	49.0000		0.1702		
	50.0000		0.1697		
	51.0000		0.1666		
	52.0000		0.1666		
	53.0000		0.1662		
	54.0000		0.1638		
	55.0000		0.1649		
	56.0000		0.1688		
	57.0000		0.1696		
	58.0000		0.1691		
	59.0000		0.1714		
	60.0000		0.1726		
	61.0000		0.1720		
	62.0000		0.1735		
	63.0000		0.1718		
	64.0000		0.1700		
	65.0000		0.1702		
	66.0000		0.1712		
	67.0000		0.1694		
	68.0000		0.1702		
	69.0000		0.1720		
	70.0000		0.1720		
	71.0000		0.1720		
	72.0000		0.1710		
	73.0000		0.1700		
	74.0000		0.1704		
	75.0000		0.1690		
	76.0000		0.1708		
	77.0000		0.1719		
	78.0000		0.1747		
	79.0000		0.1770		
	80.0000		0.1747		
	81.0000		0.1716		
	82.0000		0.1706		
	83.0000		0.1682		
	84.0000		0.1666		
	85.0000		0.1682		
	86.0000		0.1708		
	87.0000		0.1708		
	88.0000		0.1696		
	89.0000		0.1668		
	90.0000		0.1680		
	91.0000		0.1723		
	92.0000		0.1738		
	93.0000		0.1720		
	94.0000		0.1735		
	95.0000		0.1685		
	96.0000		0.1676		
	97.0000		0.1685		
	98.0000		0.1688		
	99.0000		0.1676		
	100.0000		0.1681		
	101.0000		0.1723		
	102.0000		0.1741		
	103.0000		0.1719		
	104.0000		0.1712		
	105.0000		0.1710		
	106.0000		0.1735		
	107.0000		0.1732		
	108.0000		0.1720		
	109.0000		0.1717		
	110.0000		0.1729		
	111.0000		0.1726		
	112.0000		0.1714		
	113.0000		0.1710		
	114.0000		0.1720		
	115.0000		0.1717		
	116.0000		0.1723		
	117.0000		0.1762		
	118.0000		0.1719		
	119.0000		0.1691		
	120.0000		0.1676		
	121.0000		0.1694		
	122.0000		0.1703		
	123.0000		0.1718		
	124.0000		0.1707		
	125.0000		0.1738		
	126.0000		0.1744		
	127.0000		0.1711		
	128.0000		0.1722		
	129.0000		0.1762		
	130.0000		0.1770		
	131.0000		0.1764		
	132.0000		0.1770		
	133.0000		0.1770		
	134.0000		0.1770		
	135.0000		0.1770		
	136.0000		0.1774		
	137.0000		0.1764		
	138.0000		0.1770		
	139.0000		0.1770		
	140.0000		0.1760		
	141.0000		0.1770		
	142.0000		0.1779		
	143.0000		0.1744		
	144.0000		0.1781		
	145.0000		0.1756		
	146.0000		0.1764		
	147.0000		0.1760		
	148.0000		0.1760		
	149.0000		0.1770		
	150.0000		0.1772		
	151.0000		0.1771		
	152.0000		0.1762		
	153.0000		0.1744		
	154.0000		0.1738		
	155.0000		0.1738		
	156.0000		0.1750		
	157.0000		0.1779		
	158.0000		0.1769		
	159.0000		0.1747		
	160.0000		0.1729		
	161.0000		0.1754		
	162.0000		0.1747		
	163.0000		0.1741		
	164.0000		0.1750		
	165.0000		0.1780		
	166.0000		0.1791		
	167.0000		0.1768		
	168.0000		0.1776		
	169.0000		0.1782		
	170.0000		0.1797		
	171.0000		0.1818		
	172.0000		0.1837		
	173.0000		0.1812		
	174.0000		0.1800		
	175.0000		0.1810		
	176.0000		0.1810		
	177.0000		0.1808		
	178.0000		0.1818		
	179.0000		0.1792		
	180.0000		0.1750		
	181.0000		0.1762		
	182.0000		0.1754		
	183.0000		0.1734		
	184.0000		0.1760		
	185.0000		0.1753		
	186.0000		0.1764		
	187.0000		0.1752		
	188.0000		0.1749		
	189.0000		0.1726		
	190.0000		0.1749		
	191.0000		0.1743		
	192.0000		0.1758		
	193.0000		0.1760		
	194.0000		0.1755		
	195.0000		0.1760		
	196.0000		0.1747		
	197.0000		0.1744		
	198.0000		0.1758		
	199.0000		0.1770		
	200.0000		0.1770		
	201.0000		0.1762		
	202.0000		0.1735		
	203.0000		0.1720		
	204.0000		0.1720		
	205.0000		0.1723		
	206.0000		0.1774		
	207.0000		0.1800		
	208.0000		0.1806		
	209.0000		0.1768		
	210.0000		0.1773		
	211.0000		0.1775		
	212.0000		0.1788		
	213.0000		0.1782		
	214.0000		0.1816		
	215.0000		0.1816		
	216.0000		0.1832		
	217.0000		0.1781		
	218.0000		0.1796		
	219.0000		0.1797		
	220.0000		0.1794		
	221.0000		0.1796		
	222.0000		0.1785		
	223.0000		0.1776		
	224.0000		0.1782		
	225.0000		0.1784		
	226.0000		0.1812		
	227.0000		0.1829		
	228.0000		0.1816		
	229.0000		0.1818		
	230.0000		0.1835		
	231.0000		0.1793		
	232.0000		0.1758		
	233.0000		0.1760		
	234.0000		0.1754		
	235.0000		0.1764		
	236.0000		0.1725		
	237.0000		0.1723		
	238.0000		0.1704		
	239.0000		0.1702		
	240.0000		0.1697		
	241.0000		0.1688		
	242.0000		0.1704		
	243.0000		0.1697		
	244.0000		0.1670		
	245.0000		0.1660		
	246.0000		0.1671		
	247.0000		0.1688		
	248.0000		0.1694		
	249.0000		0.1723		
	250.0000		0.1735		
	251.0000		0.1762		
	252.0000		0.1754		
	253.0000		0.1721		
	254.0000		0.1748		
	255.0000		0.1738		
	256.0000		0.1724		
	257.0000		0.1716		
	258.0000		0.1710		
	259.0000		0.1714		
	260.0000		0.1696		
	261.0000		0.1700		
	262.0000		0.1702		
	263.0000		0.1697		
	264.0000		0.1702		
	265.0000		0.1700		
	266.0000		0.1694		
	267.0000		0.1708		
	268.0000		0.1673		
	269.0000		0.1671		
	270.0000		0.1670		
	271.0000		0.1640		
	272.0000		0.1650		
	273.0000		0.1640		
	274.0000		0.1621		
	275.0000		0.1629		
	276.0000		0.1626		
	277.0000		0.1679		
	278.0000		0.1732		
	279.0000		0.1755		
	280.0000		0.1762		
	281.0000		0.1744		
	282.0000		0.1720		
	283.0000		0.1729		
	284.0000		0.1720		
	285.0000		0.1729		
	286.0000		0.1756		
	287.0000		0.1716		
	288.0000		0.1685		
	289.0000		0.1682		
	290.0000		0.1666		
	291.0000		0.1649		
	292.0000		0.1668		
	293.0000		0.1670		
	294.0000		0.1688		
	295.0000		0.1732		
	296.0000		0.1721		
	297.0000		0.1702		
	298.0000		0.1727		
	299.0000		0.1739		
	300.0000		0.1747		
	301.0000		0.1759		
	302.0000		0.1746		
	303.0000		0.1752		
	304.0000		0.1717		
	305.0000		0.1720		
	306.0000		0.1720		
	307.0000		0.1738		
	308.0000		0.1716		
	309.0000		0.1726		
	310.0000		0.1729		
	311.0000		0.1735		
	312.0000		0.1762		
	313.0000		0.1769		
	314.0000		0.1779		
	315.0000		0.1788		
	316.0000		0.1794		
	317.0000		0.1816		
	318.0000		0.1826		
	319.0000		0.1818		
	320.0000		0.1806		
	321.0000		0.1797		
	322.0000		0.1782		
	323.0000		0.1785		
	324.0000		0.1808		
	325.0000		0.1820		
	326.0000		0.1802		
	327.0000		0.1791		
	328.0000		0.1810		
	329.0000		0.1773		
	330.0000		0.1766		
	331.0000		0.1782		
	332.0000		0.1769		
	333.0000		0.1735		
	334.0000		0.1764		
	335.0000		0.1761		
	336.0000		0.1760		
	337.0000		0.1732		
	338.0000		0.1708		
	339.0000		0.1700		
	340.0000		0.1699		
	341.0000		0.1714		
	342.0000		0.1714		
	343.0000		0.1712		
	344.0000		0.1697		
	345.0000		0.1694		
	346.0000		0.1696		
	347.0000		0.1666		
	348.0000		0.1697		
	349.0000		0.1702		
	350.0000		0.1714		
	351.0000		0.1708		
	352.0000		0.1702		
	353.0000		0.1685		
	354.0000		0.1666		
	355.0000		0.1694		
	356.0000		0.1723		
	357.0000		0.1720		
	358.0000		0.1741		
	359.0000		0.1770		
	360.0000		0.1758		
	361.0000		0.1754		
	362.0000		0.1726		
	363.0000		0.1746		
	364.0000		0.1766		
	365.0000		0.1775		
	366.0000		0.1754		
	367.0000		0.1747		
	368.0000		0.1747		
	369.0000		0.1726		
	370.0000		0.1738		
	371.0000		0.1747		
	372.0000		0.1746		
	373.0000		0.1757		
	374.0000		0.1766		
	375.0000		0.1749		
	376.0000		0.1766		
	377.0000		0.1760		
	378.0000		0.1773		
	379.0000		0.1776		
	380.0000		0.1758		
	381.0000		0.1744		
	382.0000		0.1744		
	383.0000		0.1741		
	384.0000		0.1744		
	385.0000		0.1793		
	386.0000		0.1776		
	387.0000		0.1769		
	388.0000		0.1794		
	389.0000		0.1770		
	390.0000		0.1764		
	391.0000		0.1757		
	392.0000		0.1745		
	393.0000		0.1718		
	394.0000		0.1750		
	395.0000		0.1770		
	396.0000		0.1747		
	397.0000		0.1720		
	398.0000		0.1723		
	399.0000		0.1744		
	400.0000		0.1764		
	401.0000		0.1764		
	402.0000		0.1732		
	403.0000		0.1726		
	404.0000		0.1741		
	405.0000		0.1756		
	406.0000		0.1755		
	407.0000		0.1768		
	408.0000		0.1754		
	409.0000		0.1758		
	410.0000		0.1768		
	411.0000		0.1741		
	412.0000		0.1748		
	413.0000		0.1717		
	414.0000		0.1732		
	415.0000		0.1758		
	416.0000		0.1752		
	417.0000		0.1760		
	418.0000		0.1752		
	419.0000		0.1792		
	420.0000		0.1797		
	421.0000		0.1791		
	422.0000		0.1788		
	423.0000		0.1773		
	424.0000		0.1782		
	425.0000		0.1800		
	426.0000		0.1800		
	427.0000		0.1773		
	428.0000		0.1782		
	429.0000		0.1768		
	430.0000		0.1738		
	431.0000		0.1729		
	432.0000		0.1738		
	433.0000		0.1729		
	434.0000		0.1732		
	435.0000		0.1743		
	436.0000		0.1759		
	437.0000		0.1762		
	438.0000		0.1754		
	439.0000		0.1719		
	440.0000		0.1729		
	441.0000		0.1750		
	442.0000		0.1752		
	443.0000		0.1766		
	444.0000		0.1760		
	445.0000		0.1735		
	446.0000		0.1715		
	447.0000		0.1697		
	448.0000		0.1708		
	449.0000		0.1747		
	450.0000		0.1731		
	451.0000		0.1714		
	452.0000		0.1706		
	453.0000		0.1696		
	454.0000		0.1735		
	455.0000		0.1732		
	456.0000		0.1741		
	457.0000		0.1756		
	458.0000		0.1794		
	459.0000		0.1789		
	460.0000		0.1766		
	461.0000		0.1758		
	462.0000		0.1738		
	463.0000		0.1773		
	464.0000		0.1774		
	465.0000		0.1746		
	466.0000		0.1748		
	467.0000		0.1758		
	468.0000		0.1748		
	469.0000		0.1741		
	470.0000		0.1729		
	471.0000		0.1744		
	472.0000		0.1764		
	473.0000		0.1770		
	474.0000		0.1758		
	475.0000		0.1732		
	476.0000		0.1718		
	477.0000		0.1729		
	478.0000		0.1723		
	479.0000		0.1710		
	480.0000		0.1704		
	481.0000		0.1708		
	482.0000		0.1723		
	483.0000		0.1706		
	484.0000		0.1694		
	485.0000		0.1691		
	486.0000		0.1716		
	487.0000		0.1706		
	488.0000		0.1702		
	489.0000		0.1700		
	490.0000		0.1673		
	491.0000		0.1651		
	492.0000		0.1670		
	493.0000		0.1664		
	494.0000		0.1667		
	495.0000		0.1654		
	496.0000		0.1626		
	497.0000		0.1652		
	498.0000		0.1679		
	499.0000		0.1695		
	500.0000		0.1716		
	501.0000		0.1729		
	502.0000		0.1747		
	503.0000		0.1722		
	504.0000		0.1700		
	505.0000		0.1697		
	506.0000		0.1694		
	507.0000		0.1712		
	508.0000		0.1708		
	509.0000		0.1727		
	510.0000		0.1713		
	511.0000		0.1704		
	512.0000		0.1687		
	513.0000		0.1707		
	514.0000		0.1720		
	515.0000		0.1749		
	516.0000		0.1712		
	517.0000		0.1702		
	518.0000		0.1697		
	519.0000		0.1670		
	520.0000		0.1682		
	521.0000		0.1694		
	522.0000		0.1688		
	523.0000		0.1700		
	524.0000		0.1682		
	525.0000		0.1676		
	526.0000		0.1673		
	527.0000		0.1685		
	528.0000		0.1706		
	529.0000		0.1706		
	530.0000		0.1716		
	531.0000		0.1679		
	532.0000		0.1692		
	533.0000		0.1699		
	534.0000		0.1746		
	535.0000		0.1752		
	536.0000		0.1750		
	537.0000		0.1748		
	538.0000		0.1702		
	539.0000		0.1743		
	540.0000		0.1741		
	541.0000		0.1738		
	542.0000		0.1762		
	543.0000		0.1760		
	544.0000		0.1750		
	545.0000		0.1758		
	546.0000		0.1748		
	547.0000		0.1723		
	548.0000		0.1724		
	549.0000		0.1754		
	550.0000		0.1776		
	551.0000		0.1802		
	552.0000		0.1802		
	553.0000		0.1800		
	554.0000		0.1788		
	555.0000		0.1765		
	556.0000		0.1752		
	557.0000		0.1738		
	558.0000		0.1747		
	559.0000		0.1702		
	560.0000		0.1665		
	561.0000		0.1658		
	562.0000		0.1666		
	563.0000		0.1660		
	564.0000		0.1701		
	565.0000		0.1706		
	566.0000		0.1685		
	567.0000		0.1662		
	568.0000		0.1658		
	569.0000		0.1652		
	570.0000		0.1646		
	571.0000		0.1644		
	572.0000		0.1662		
	573.0000		0.1638		
	574.0000		0.1670		
	575.0000		0.1650		
	576.0000		0.1677		
	577.0000		0.1679		
	578.0000		0.1688		
	579.0000		0.1694		
	580.0000		0.1708		
	581.0000		0.1716		
	582.0000		0.1721		
	583.0000		0.1719		
	584.0000		0.1706		
	585.0000		0.1708		
	586.0000		0.1712		
	587.0000		0.1711		
	588.0000		0.1692		
	589.0000		0.1700		
	590.0000		0.1700		
	591.0000		0.1696		
	592.0000		0.1729		
	593.0000		0.1730		
	594.0000		0.1714		
	595.0000		0.1741		
	596.0000		0.1735		
	597.0000		0.1712		
	598.0000		0.1716		
	599.0000		0.1708		
	600.0000		0.1729		
	601.0000		0.1718		
	602.0000		0.1668		
	603.0000		0.1673		
	604.0000		0.1685		
	605.0000		0.1694		
	606.0000		0.1704		
	607.0000		0.1716		
	608.0000		0.1700		
	609.0000		0.1700		
	610.0000		0.1712		
	611.0000		0.1708		
	612.0000		0.1723		
	613.0000		0.1738		
	614.0000		0.1726		
	615.0000		0.1726		
	616.0000		0.1754		
	617.0000		0.1744		
	618.0000		0.1736		
	619.0000		0.1720		
	620.0000		0.1726		
	621.0000		0.1711		
	622.0000		0.1718		
	623.0000		0.1729		
	624.0000		0.1747		
	625.0000		0.1711		
	626.0000		0.1718		
	627.0000		0.1726		
	628.0000		0.1697		
	629.0000		0.1671		
	630.0000		0.1662		
	631.0000		0.1654		
	632.0000		0.1656		
	633.0000		0.1669		
	634.0000		0.1667		
	635.0000		0.1676		
	636.0000		0.1673		
	637.0000		0.1638		
	638.0000		0.1616		
	639.0000		0.1638		
	640.0000		0.1656		
	641.0000		0.1666		
	642.0000		0.1685		
	643.0000		0.1691		
	644.0000		0.1694		
	645.0000		0.1696		
	646.0000		0.1670		
	647.0000		0.1691		
	648.0000		0.1705		
	649.0000		0.1712		
	650.0000		0.1716		
	651.0000		0.1723		
	652.0000		0.1744		
	653.0000		0.1749		
	654.0000		0.1720		
	655.0000		0.1707		
	656.0000		0.1696		
	657.0000		0.1700		
	658.0000		0.1679		
	659.0000		0.1674		
	660.0000		0.1656		
	661.0000		0.1670		
	662.0000		0.1694		
	663.0000		0.1712		
	664.0000		0.1683		
	665.0000		0.1673		
	666.0000		0.1662		
	667.0000		0.1641		
	668.0000		0.1654		
	669.0000		0.1660		
	670.0000		0.1670		
	671.0000		0.1673		
	672.0000		0.1653		
	673.0000		0.1658		
	674.0000		0.1645		
	675.0000		0.1700		
	676.0000		0.1720		
	677.0000		0.1747		
	678.0000		0.1732		
	679.0000		0.1750		
	680.0000		0.1723		
	681.0000		0.1735		
	682.0000		0.1741		
	683.0000		0.1727		
	684.0000		0.1713		
	685.0000		0.1715		
	686.0000		0.1715		
	687.0000		0.1720		
	688.0000		0.1723		
	689.0000		0.1723		
	690.0000		0.1735		
	691.0000		0.1744		
	692.0000		0.1750		
	693.0000		0.1712		
	694.0000		0.1704		
	695.0000		0.1682		
	696.0000		0.1706		
	697.0000		0.1723		
	698.0000		0.1747		
	699.0000		0.1749		
	700.0000		0.1762		
	701.0000		0.1770		
	702.0000		0.1750		
	703.0000		0.1746		
	704.0000		0.1768		
	705.0000		0.1791		
	706.0000		0.1791		
	707.0000		0.1770		
	708.0000		0.1773		
	709.0000		0.1776		
	710.0000		0.1797		
	711.0000		0.1770		
	712.0000		0.1770		
	713.0000		0.1749		
	714.0000		0.1776		
	715.0000		0.1785		
	716.0000		0.1770		
	717.0000		0.1773		
	718.0000		0.1766		
	719.0000		0.1752		
	720.0000		0.1779		
	721.0000		0.1770		
	722.0000		0.1764		
	723.0000		0.1752		
	724.0000		0.1751		
	725.0000		0.1747		
	726.0000		0.1760		
	727.0000		0.1757		
	728.0000		0.1766		
	729.0000		0.1752		
	730.0000		0.1774		
	731.0000		0.1747		
	732.0000		0.1740		
	733.0000		0.1723		
	734.0000		0.1745		
	735.0000		0.1785		
	736.0000		0.1758		
	737.0000		0.1747		
	738.0000		0.1719		
	739.0000		0.1694		
	740.0000		0.1679		
	741.0000		0.1719		
	742.0000		0.1758		
	743.0000		0.1776		
	744.0000		0.1740		
	745.0000		0.1747		
	746.0000		0.1750		
	747.0000		0.1762		
	748.0000		0.1791		
	749.0000		0.1791		
	750.0000		0.1806		
	751.0000		0.1808		
	752.0000		0.1782		
	753.0000		0.1770		
	754.0000		0.1788		
	755.0000		0.1766		
	756.0000		0.1782		
	757.0000		0.1800		
	758.0000		0.1769		
	759.0000		0.1735		
	760.0000		0.1706		
	761.0000		0.1704		
	762.0000		0.1706		
	763.0000		0.1694		
	764.0000		0.1691		
	765.0000		0.1702		
	766.0000		0.1710		
	767.0000		0.1719		
	768.0000		0.1688		
	769.0000		0.1714		
	770.0000		0.1748		
	771.0000		0.1760		
	772.0000		0.1760		
	773.0000		0.1779		
	774.0000		0.1760		
	775.0000		0.1760		
	776.0000		0.1756		
	777.0000		0.1744		
	778.0000		0.1741		
	779.0000		0.1726		
	780.0000		0.1701		
	781.0000		0.1685		
	782.0000		0.1682		
	783.0000		0.1701		
	784.0000		0.1700		
	785.0000		0.1720		
	786.0000		0.1706		
	787.0000		0.1714		
	788.0000		0.1691		
	789.0000		0.1687		
	790.0000		0.1738		
	791.0000		0.1744		
	792.0000		0.1741		
	793.0000		0.1718		
	794.0000		0.1726		
	795.0000		0.1735		
	796.0000		0.1743		
	797.0000		0.1744		
	798.0000		0.1754		
	799.0000		0.1769		
	800.0000		0.1791		
	801.0000		0.1794		
	802.0000		0.1756		
	803.0000		0.1751		
	804.0000		0.1762		
	805.0000		0.1770		
	806.0000		0.1768		
	807.0000		0.1768		
	808.0000		0.1776		
	809.0000		0.1794		
	810.0000		0.1761		
	811.0000		0.1756		
	812.0000		0.1772		
	813.0000		0.1770		
	814.0000		0.1758		
	815.0000		0.1750		
	816.0000		0.1747		
	817.0000		0.1764		
	818.0000		0.1770		
	819.0000		0.1768		
	820.0000		0.1813		
	821.0000		0.1818		
	822.0000		0.1803		
	823.0000		0.1798		
	824.0000		0.1819		
	825.0000		0.1799		
	826.0000		0.1801		
	827.0000		0.1810		
	828.0000		0.1821		
	829.0000		0.1838		
	830.0000		0.1814		
	831.0000		0.1794		
	832.0000		0.1779		
	833.0000		0.1800		
	834.0000		0.1796		
	835.0000		0.1764		
	836.0000		0.1774		
	837.0000		0.1794		
	838.0000		0.1791		
	839.0000		0.1753		
	840.0000		0.1752		
	841.0000		0.1774		
	842.0000		0.1800		
	843.0000		0.1791		
	844.0000		0.1768		
	845.0000		0.1779		
	846.0000		0.1779		
	847.0000		0.1802		
	848.0000		0.1805		
	849.0000		0.1794		
	850.0000		0.1791		
	851.0000		0.1800		
	852.0000		0.1790		
	853.0000		0.1788		
	854.0000		0.1754		
	855.0000		0.1785		
	856.0000		0.1776		
	857.0000		0.1758		
	858.0000		0.1770		
	859.0000		0.1760		
	860.0000		0.1773		
	861.0000		0.1780		
	862.0000		0.1782		
	863.0000		0.1773		
	864.0000		0.1766		
	865.0000		0.1756		
	866.0000		0.1791		
	867.0000		0.1790		
	868.0000		0.1798		
	869.0000		0.1804		
	870.0000		0.1808		
	871.0000		0.1835		
	872.0000		0.1812		
	873.0000		0.1806		
	874.0000		0.1808		
	875.0000		0.1804		
	876.0000		0.1800		
	877.0000		0.1797		
	878.0000		0.1800		
	879.0000		0.1779		
	880.0000		0.1770		
	881.0000		0.1770		
	882.0000		0.1790		
	883.0000		0.1800		
	884.0000		0.1783		
	885.0000		0.1736		
	886.0000		0.1748		
	887.0000		0.1720		
	888.0000		0.1741		
	889.0000		0.1729		
	890.0000		0.1716		
	891.0000		0.1722		
	892.0000		0.1747		
	893.0000		0.1750		
	894.0000		0.1762		
	895.0000		0.1788		
	896.0000		0.1788		
	897.0000		0.1791		
	898.0000		0.1788		
	899.0000		0.1762		
	900.0000		0.1785		
	901.0000		0.1768		
	902.0000		0.1780		
	903.0000		0.1787		
	904.0000		0.1808		
	905.0000		0.1788		
	906.0000		0.1770		
	907.0000		0.1792		
	908.0000		0.1793		
	909.0000		0.1756		
	910.0000		0.1741		
	911.0000		0.1760		
	912.0000		0.1770		
	913.0000		0.1762		
	914.0000		0.1758		
	915.0000		0.1776		
	916.0000		0.1760		
	917.0000		0.1741		
	918.0000		0.1754		
	919.0000		0.1770		
	920.0000		0.1745		
	921.0000		0.1751		
	922.0000		0.1721		
	923.0000		0.1729		
	924.0000		0.1726		
	925.0000		0.1710		
	926.0000		0.1714		
	927.0000		0.1732		
	928.0000		0.1720		
	929.0000		0.1738		
	930.0000		0.1716		
	931.0000		0.1702		
	932.0000		0.1723		
	933.0000		0.1756		
	934.0000		0.1754		
	935.0000		0.1750		
	936.0000		0.1755		
	937.0000		0.1722		
	938.0000		0.1716		
	939.0000		0.1720		
	940.0000		0.1712		
	941.0000		0.1726		
	942.0000		0.1756		
	943.0000		0.1760		
	944.0000		0.1756		
	945.0000		0.1720		
	946.0000		0.1720		
	947.0000		0.1744		
	948.0000		0.1749		
	949.0000		0.1756		
	950.0000		0.1758		
	951.0000		0.1729		
	952.0000		0.1752		
	953.0000		0.1744		
	954.0000		0.1744		
	955.0000		0.1758		
	956.0000		0.1793		
	957.0000		0.1799		
	958.0000		0.1794		
	959.0000		0.1770		
	960.0000		0.1760		
	961.0000		0.1762		
	962.0000		0.1758		
	963.0000		0.1749		
	964.0000		0.1734		
	965.0000		0.1740		
	966.0000		0.1723		
	967.0000		0.1732		
	968.0000		0.1726		
	969.0000		0.1728		
	970.0000		0.1744		
	971.0000		0.1749		
	972.0000		0.1750		
	973.0000		0.1723		
	974.0000		0.1705		
	975.0000		0.1700		
	976.0000		0.1711		
	977.0000		0.1704		
	978.0000		0.1680		
	979.0000		0.1652		
	980.0000		0.1654		
	981.0000		0.1631		
	982.0000		0.1629		
	983.0000		0.1632		
	984.0000		0.1627		
	985.0000		0.1612		
	986.0000		0.1620		
	987.0000		0.1650		
	988.0000		0.1658		
	989.0000		0.1655		
	990.0000		0.1666		
	991.0000		0.1652		
	992.0000		0.1675		
	993.0000		0.1700		
	994.0000		0.1682		
	995.0000		0.1664		
	996.0000		0.1644		
	997.0000		0.1671		
	998.0000		0.1691		
	999.0000		0.1706		
	1000.0000		0.1685		
	1001.0000		0.1695		
	1002.0000		0.1679		
	1003.0000		0.1671		
	1004.0000		0.1688		
	1005.0000		0.1697		
	1006.0000		0.1670		
	1007.0000		0.1688		
	1008.0000		0.1703		
	1009.0000		0.1716		
	1010.0000		0.1701		
	1011.0000		0.1702		
	1012.0000		0.1714		
	1013.0000		0.1714		
	1014.0000		0.1732		
	1015.0000		0.1701		
	1016.0000		0.1664		
	1017.0000		0.1654		
	1018.0000		0.1637		
	1019.0000		0.1664		
	1020.0000		0.1660		
	1021.0000		0.1641		
	1022.0000		0.1623		
	1023.0000		0.1620		
	1024.0000		0.1650		
	1025.0000		0.1613		
	1026.0000		0.1616		
	1027.0000		0.1646		
	1028.0000		0.1635		
	1029.0000		0.1660		
	1030.0000		0.1654		
	1031.0000		0.1623		
	1032.0000		0.1632		
	1033.0000		0.1662		
	1034.0000		0.1662		
	1035.0000		0.1666		
	1036.0000		0.1658		
	1037.0000		0.1668		
	1038.0000		0.1681		
	1039.0000		0.1712		
	1040.0000		0.1716		
	1041.0000		0.1721		
	1042.0000		0.1708		
	1043.0000		0.1735		
	1044.0000		0.1706		
	1045.0000		0.1706		
	1046.0000		0.1736		
	1047.0000		0.1766		
	1048.0000		0.1776		
	1049.0000		0.1756		
	1050.0000		0.1723		
	1051.0000		0.1736		
	1052.0000		0.1720		
	1053.0000		0.1706		
	1054.0000		0.1720		
	1055.0000		0.1701		
	1056.0000		0.1704		
	1057.0000		0.1707		
	1058.0000		0.1688		
	1059.0000		0.1718		
	1060.0000		0.1729		
	1061.0000		0.1706		
	1062.0000		0.1699		
	1063.0000		0.1701		
	1064.0000		0.1662		
	1065.0000		0.1666		
	1066.0000		0.1653		
	1067.0000		0.1687		
	1068.0000		0.1694		
	1069.0000		0.1670		
	1070.0000		0.1679		
	1071.0000		0.1688		
	1072.0000		0.1676		
	1073.0000		0.1690		
	1074.0000		0.1725		
	1075.0000		0.1704		
	1076.0000		0.1720		
	1077.0000		0.1717		
	1078.0000		0.1723		
	1079.0000		0.1738		
	1080.0000		0.1710		
	1081.0000		0.1700		
	1082.0000		0.1712		
	1083.0000		0.1702		
	1084.0000		0.1731		
	1085.0000		0.1732		
	1086.0000		0.1721		
	1087.0000		0.1720		
	1088.0000		0.1714		
	1089.0000		0.1706		
	1090.0000		0.1720		
	1091.0000		0.1704		
	1092.0000		0.1718		
	1093.0000		0.1718		
	1094.0000		0.1718		
	1095.0000		0.1694		
	1096.0000		0.1685		
	1097.0000		0.1670		
	1098.0000		0.1704		
	1099.0000		0.1723		
	1100.0000		0.1710		
	1101.0000		0.1676		
	1102.0000		0.1673		
	1103.0000		0.1691		
	1104.0000		0.1682		
	1105.0000		0.1700		
	1106.0000		0.1688		
	1107.0000		0.1696		
	1108.0000		0.1704		
	1109.0000		0.1691		
	1110.0000		0.1679		
	1111.0000		0.1702		
	1112.0000		0.1730		
	1113.0000		0.1753		
	1114.0000		0.1744		
	1115.0000		0.1723		
	1116.0000		0.1750		
	1117.0000		0.1698		
	1118.0000		0.1686		
	1119.0000		0.1720		
	1120.0000		0.1704		
	1121.0000		0.1710		
	1122.0000		0.1726		
	1123.0000		0.1747		
	1124.0000		0.1726		
	1125.0000		0.1726		
	1126.0000		0.1756		
	1127.0000		0.1758		
	1128.0000		0.1729		
	1129.0000		0.1735		
	1130.0000		0.1735		
	1131.0000		0.1724		
	1132.0000		0.1708		
	1133.0000		0.1700		
	1134.0000		0.1694		
	1135.0000		0.1707		
	1136.0000		0.1741		
	1137.0000		0.1760		
	1138.0000		0.1763		
	1139.0000		0.1722		
	1140.0000		0.1705		
	1141.0000		0.1697		
	1142.0000		0.1701		
	1143.0000		0.1720		
	1144.0000		0.1712		
	1145.0000		0.1716		
	1146.0000		0.1710		
	1147.0000		0.1701		
	1148.0000		0.1720		
	1149.0000		0.1704		
	1150.0000		0.1704		
	1151.0000		0.1706		
	1152.0000		0.1694		
	1153.0000		0.1682		
	1154.0000		0.1673		
	1155.0000		0.1701		
	1156.0000		0.1747		
	1157.0000		0.1727		
	1158.0000		0.1708		
	1159.0000		0.1702		
	1160.0000		0.1708		
	1161.0000		0.1696		
	1162.0000		0.1704		
	1163.0000		0.1693		
	1164.0000		0.1697		
	1165.0000		0.1699		
	1166.0000		0.1697		
	1167.0000		0.1673		
	1168.0000		0.1660		
	1169.0000		0.1693		
	1170.0000		0.1716		
	1171.0000		0.1700		
	1172.0000		0.1708		
	1173.0000		0.1718		
	1174.0000		0.1744		
	1175.0000		0.1714		
	1176.0000		0.1718		
	1177.0000		0.1710		
	1178.0000		0.1710		
	1179.0000		0.1689		
	1180.0000		0.1654		
	1181.0000		0.1635		
	1182.0000		0.1641		
	1183.0000		0.1660		
	1184.0000		0.1703		
	1185.0000		0.1704		
	1186.0000		0.1694		
	1187.0000		0.1688		
	1188.0000		0.1678		
	1189.0000		0.1699		
	1190.0000		0.1715		
	1191.0000		0.1726		
	1192.0000		0.1699		
	1193.0000		0.1705		
	1194.0000		0.1699		
	1195.0000		0.1697		
	1196.0000		0.1716		
	1197.0000		0.1704		
	1198.0000		0.1697		
	1199.0000		0.1694		