	0.0000		0.2550		
	1.0000		0.2550		
	2.0000		0.2550		
	3.0000		0.2550		
	4.0000		0.2550		
	5.0000		0.2550		
	6.0000		0.2550		
	7.0000		0.2550		
	8.0000		0.2550		
	9.0000		0.2550		
	10.0000		0.2550		
	11.0000		0.2550		
	12.0000		0.2550		
	13.0000		0.2550		
	14.0000		0.2550		
	15.0000		0.2560		
	16.0000		0.2562		
	17.0000		0.2570		
	18.0000		0.2570		
	19.0000		0.2570		
	20.0000		0.2570		
	21.0000		0.2570		
	22.0000		0.2570		
	23.0000		0.2560		
	24.0000		0.2566		
	25.0000		0.2570		
	26.0000		0.2570		
	27.0000		0.2570		
	28.0000		0.2570		
	29.0000		0.2585		
	30.0000		0.2600		
	31.0000		0.2614		
	32.0000		0.2620		
	33.0000		0.2641		
	34.0000		0.2654		
	35.0000		0.2670		
	36.0000		0.2699		
	37.0000		0.2750		
	38.0000		0.2770		
	39.0000		0.2793		
	40.0000		0.2822		
	41.0000		0.2849		
	42.0000		0.2879		
	43.0000		0.2908		
	44.0000		0.2958		
	45.0000		0.3014		
	46.0000		0.3050		
	47.0000		0.3103		
	48.0000		0.3132		
	49.0000		0.3156		
	50.0000		0.3170		
	51.0000		0.3170		
	52.0000		0.3176		
	53.0000		0.3170		
	54.0000		0.3170		
	55.0000		0.3158		
	56.0000		0.3150		
	57.0000		0.3147		
	58.0000		0.3117		
	59.0000		0.3100		
	60.0000		0.3079		
	61.0000		0.3052		
	62.0000		0.3044		
	63.0000		0.3012		
	64.0000		0.2982		
	65.0000		0.2956		
	66.0000		0.2950		
	67.0000		0.2950		
	68.0000		0.2944		
	69.0000		0.2944		
	70.0000		0.2950		
	71.0000		0.2956		
	72.0000		0.2970		
	73.0000		0.2970		
	74.0000		0.2999		
	75.0000		0.3016		
	76.0000		0.3038		
	77.0000		0.3050		
	78.0000		0.3070		
	79.0000		0.3094		
	80.0000		0.3094		
	81.0000		0.3070		
	82.0000		0.3070		
	83.0000		0.3070		
	84.0000		0.3064		
	85.0000		0.3050		
	86.0000		0.3032		
	87.0000		0.3020		
	88.0000		0.3000		
	89.0000		0.2982		
	90.0000		0.2966		
	91.0000		0.2950		
	92.0000		0.2926		
	93.0000		0.2914		
	94.0000		0.2900		
	95.0000		0.2885		
	96.0000		0.2860		
	97.0000		0.2835		
	98.0000		0.2810		
	99.0000		0.2791		
	100.0000		0.2764		
	101.0000		0.2732		
	102.0000		0.2710		
	103.0000		0.2685		
	104.0000		0.2666		
	105.0000		0.2650		
	106.0000		0.2629		
	107.0000		0.2620		
	108.0000		0.2618		
	109.0000		0.2602		
	110.0000		0.2600		
	111.0000		0.2600		
	112.0000		0.2608		
	113.0000		0.2620		
	114.0000		0.2635		
	115.0000		0.2650		
	116.0000		0.2662		
	117.0000		0.2685		
	118.0000		0.2718		
	119.0000		0.2741		
	120.0000		0.2770		
	121.0000		0.2794		
	122.0000		0.2808		
	123.0000		0.2823		
	124.0000		0.2850		
	125.0000		0.2847		
	126.0000		0.2841		
	127.0000		0.2818		
	128.0000		0.2800		
	129.0000		0.2776		
	130.0000		0.2764		
	131.0000		0.2747		
	132.0000		0.2720		
	133.0000		0.2720		
	134.0000		0.2723		
	135.0000		0.2747		
	136.0000		0.2756		
	137.0000		0.2770		
	138.0000		0.2800		
	139.0000		0.2829		
	140.0000		0.2870		
	141.0000		0.2935		
	142.0000		0.3000		
	143.0000		0.3094		
	144.0000		0.3159		
	145.0000		0.3207		
	146.0000		0.3250		
	147.0000		0.3279		
	148.0000		0.3302		
	149.0000		0.3314		
	150.0000		0.3320		
	151.0000		0.3347		
	152.0000		0.3329		
	153.0000		0.3326		
	154.0000		0.3352		
	155.0000		0.3370		
	156.0000		0.3406		
	157.0000		0.3435		
	158.0000		0.3490		
	159.0000		0.3529		
	160.0000		0.3554		
	161.0000		0.3568		
	162.0000		0.3602		
	163.0000		0.3616		
	164.0000		0.3632		
	165.0000		0.3662		
	166.0000		0.3681		
	167.0000		0.3739		
	168.0000		0.3732		
	169.0000		0.3773		
	170.0000		0.3840		
	171.0000		0.3870		
	172.0000		0.3904		
	173.0000		0.3916		
	174.0000		0.3929		
	175.0000		0.3920		
	176.0000		0.3894		
	177.0000		0.3825		
	178.0000		0.3742		
	179.0000		0.3677		
	180.0000		0.3616		
	181.0000		0.3547		
	182.0000		0.3495		
	183.0000		0.3456		
	184.0000		0.3412		
	185.0000		0.3400		
	186.0000		0.3400		
	187.0000		0.3404		
	188.0000		0.3402		
	189.0000		0.3410		
	190.0000		0.3435		
	191.0000		0.3460		
	192.0000		0.3476		
	193.0000		0.3516		
	194.0000		0.3535		
	195.0000		0.3550		
	196.0000		0.3544		
	197.0000		0.3532		
	198.0000		0.3518		
	199.0000		0.3502		
	200.0000		0.3500		
	201.0000		0.3500		
	202.0000		0.3500		
	203.0000		0.3479		
	204.0000		0.3485		
	205.0000		0.3512		
	206.0000		0.3479		
	207.0000		0.3460		
	208.0000		0.3426		
	209.0000		0.3452		
	210.0000		0.3444		
	211.0000		0.3432		
	212.0000		0.3481		
	213.0000		0.3535		
	214.0000		0.3577		
	215.0000		0.3644		
	216.0000		0.3780		
	217.0000		0.3902		
	218.0000		0.4007		
	219.0000		0.4112		
	220.0000		0.4240		
	221.0000		0.4415		
	222.0000		0.4729		
	223.0000		0.5010		
	224.0000		0.5267		
	225.0000		0.5496		
	226.0000		0.5592		
	227.0000		0.5797		
	228.0000		0.6118		
	229.0000		0.6457		
	230.0000		0.6737		
	231.0000		0.6987		
	232.0000		0.7170		
	233.0000		0.7317		
	234.0000		0.7419		
	235.0000		0.7432		
	236.0000		0.7433		
	237.0000		0.7393		
	238.0000		0.7314		
	239.0000		0.7333		
	240.0000		0.7292		
	241.0000		0.7184		
	242.0000		0.7100		
	243.0000		0.7139		
	244.0000		0.7330		
	245.0000		0.7674		
	246.0000		0.8258		
	247.0000		0.9099		
	248.0000		1.0321		
	249.0000		1.1710		
	250.0000		1.3448		
	251.0000		1.5343		
	252.0000		1.7396		
	253.0000		1.9652		
	254.0000		2.1973		
	255.0000		2.4539		
	256.0000		2.7027		
	257.0000		2.8945		
	258.0000		2.9756		
	259.0000		3.1147		
	260.0000		3.2576		
	261.0000		3.4332		
	262.0000		3.5115		
	263.0000		3.5665		
	264.0000		3.6632		
	265.0000		3.6937		
	266.0000		3.6827		
	267.0000		3.6597		
	268.0000		3.5995		
	269.0000		3.4694		
	270.0000		3.3380		
	271.0000		3.2170		
	272.0000		3.0117		
	273.0000		2.7690		
	274.0000		2.5959		
	275.0000		2.4945		
	276.0000		2.3151		
	277.0000		2.1763		
	278.0000		2.0348		
	279.0000		1.9101		
	280.0000		1.7689		
	281.0000		1.6294		
	282.0000		1.5140		
	283.0000		1.4111		
	284.0000		1.3207		
	285.0000		1.2373		
	286.0000		1.1506		
	287.0000		1.0825		
	288.0000		1.0289		
	289.0000		0.9857		
	290.0000		0.9557		
	291.0000		0.9382		
	292.0000		0.9193		
	293.0000		0.9030		
	294.0000		0.8980		
	295.0000		0.9006		
	296.0000		0.9076		
	297.0000		0.9203		
	298.0000		0.9385		
	299.0000		0.9620		
	300.0000		0.9985		
	301.0000		1.0389		
	302.0000		1.0818		
	303.0000		1.1343		
	304.0000		1.1977		
	305.0000		1.2722		
	306.0000		1.3443		
	307.0000		1.4087		
	308.0000		1.4758		
	309.0000		1.5435		
	310.0000		1.6059		
	311.0000		1.6712		
	312.0000		1.7277		
	313.0000		1.7778		
	314.0000		1.8132		
	315.0000		1.8354		
	316.0000		1.8517		
	317.0000		1.8496		
	318.0000		1.8368		
	319.0000		1.8192		
	320.0000		1.7908		
	321.0000		1.7542		
	322.0000		1.7006		
	323.0000		1.6300		
	324.0000		1.5563		
	325.0000		1.4783		
	326.0000		1.4009		
	327.0000		1.3203		
	328.0000		1.2330		
	329.0000		1.1533		
	330.0000		1.0732		
	331.0000		0.9975		
	332.0000		0.9340		
	333.0000		0.8664		
	334.0000		0.8012		
	335.0000		0.7420		
	336.0000		0.6888		
	337.0000		0.6383		
	338.0000		0.5927		
	339.0000		0.5533		
	340.0000		0.5190		
	341.0000		0.4882		
	342.0000		0.4610		
	343.0000		0.4375		
	344.0000		0.4165		
	345.0000		0.4005		
	346.0000		0.3872		
	347.0000		0.3765		
	348.0000		0.3692		
	349.0000		0.3635		
	350.0000		0.3618		
	351.0000		0.3600		
	352.0000		0.3614		
	353.0000		0.3648		
	354.0000		0.3687		
	355.0000		0.3735		
	356.0000		0.3785		
	357.0000		0.3839		
	358.0000		0.3897		
	359.0000		0.3962		
	360.0000		0.4015		
	361.0000		0.4070		
	362.0000		0.4123		
	363.0000		0.4162		
	364.0000		0.4191		
	365.0000		0.4204		
	366.0000		0.4212		
	367.0000		0.4185		
	368.0000		0.4170		
	369.0000		0.4164		
	370.0000		0.4141		
	371.0000		0.4098		
	372.0000		0.4055		
	373.0000		0.4002		
	374.0000		0.3944		
	375.0000		0.3870		
	376.0000		0.3795		
	377.0000		0.3713		
	378.0000		0.3630		
	379.0000		0.3537		
	380.0000		0.3454		
	381.0000		0.3373		
	382.0000		0.3285		
	383.0000		0.3202		
	384.0000		0.3152		
	385.0000		0.3087		
	386.0000		0.3025		
	387.0000		0.2965		
	388.0000		0.2915		
	389.0000		0.2874		
	390.0000		0.2835		
	391.0000		0.2806		
	392.0000		0.2776		
	393.0000		0.2746		
	394.0000		0.2714		
	395.0000		0.2694		
	396.0000		0.2670		
	397.0000		0.2658		
	398.0000		0.2641		
	399.0000		0.2620		
	400.0000		0.2614		
	401.0000		0.2600		
	402.0000		0.2600		
	403.0000		0.2573		
	404.0000		0.2570		
	405.0000		0.2570		
	406.0000		0.2552		
	407.0000		0.2550		
	408.0000		0.2541		
	409.0000		0.2523		
	410.0000		0.2523		
	411.0000		0.2520		
	412.0000		0.2520		
	413.0000		0.2520		
	414.0000		0.2520		
	415.0000		0.2520		
	416.0000		0.2520		
	417.0000		0.2520		
	418.0000		0.2520		
	419.0000		0.2520		
	420.0000		0.2520		
	421.0000		0.2520		
	422.0000		0.2520		
	423.0000		0.2520		
	424.0000		0.2520		
	425.0000		0.2529		
	426.0000		0.2550		
	427.0000		0.2544		
	428.0000		0.2547		
	429.0000		0.2550		
	430.0000		0.2550		
	431.0000		0.2550		
	432.0000		0.2550		
	433.0000		0.2564		
	434.0000		0.2570		
	435.0000		0.2570		
	436.0000		0.2570		
	437.0000		0.2579		
	438.0000		0.2594		
	439.0000		0.2600		
	440.0000		0.2600		
	441.0000		0.2600		
	442.0000		0.2600		
	443.0000		0.2600		
	444.0000		0.2608		
	445.0000		0.2620		
	446.0000		0.2620		
	447.0000		0.2620		
	448.0000		0.2620		
	449.0000		0.2620		
	450.0000		0.2641		
	451.0000		0.2650		
	452.0000		0.2650		
	453.0000		0.2650		
	454.0000		0.2656		
	455.0000		0.2670		
	456.0000		0.2670		
	457.0000		0.2670		
	458.0000		0.2670		
	459.0000		0.2670		
	460.0000		0.2670		
	461.0000		0.2670		
	462.0000		0.2670		
	463.0000		0.2670		
	464.0000		0.2670		
	465.0000		0.2662		
	466.0000		0.2652		
	467.0000		0.2650		
	468.0000		0.2650		
	469.0000		0.2656		
	470.0000		0.2650		
	471.0000		0.2660		
	472.0000		0.2662		
	473.0000		0.2660		
	474.0000		0.2650		
	475.0000		0.2650		
	476.0000		0.2650		
	477.0000		0.2650		
	478.0000		0.2650		
	479.0000		0.2650		
	480.0000		0.2650		
	481.0000		0.2650		
	482.0000		0.2650		
	483.0000		0.2650		
	484.0000		0.2650		
	485.0000		0.2644		
	486.0000		0.2641		
	487.0000		0.2632		
	488.0000		0.2620		
	489.0000		0.2620		
	490.0000		0.2620		
	491.0000		0.2620		
	492.0000		0.2620		
	493.0000		0.2618		
	494.0000		0.2620		
	495.0000		0.2608		
	496.0000		0.2600		
	497.0000		0.2600		
	498.0000		0.2600		
	499.0000		0.2600		
	500.0000		0.2600		
	501.0000		0.2600		
	502.0000		0.2600		
	503.0000		0.2600		
	504.0000		0.2585		
	505.0000		0.2573		
	506.0000		0.2579		
	507.0000		0.2570		
	508.0000		0.2570		
	509.0000		0.2570		
	510.0000		0.2570		
	511.0000		0.2570		
	512.0000		0.2554		
	513.0000		0.2550		
	514.0000		0.2550		
	515.0000		0.2550		
	516.0000		0.2550		
	517.0000		0.2550		
	518.0000		0.2526		
	519.0000		0.2526		
	520.0000		0.2520		
	521.0000		0.2520		
	522.0000		0.2520		
	523.0000		0.2523		
	524.0000		0.2520		
	525.0000		0.2520		
	526.0000		0.2520		
	527.0000		0.2520		
	528.0000		0.2520		
	529.0000		0.2520		
	530.0000		0.2520		
	531.0000		0.2520		
	532.0000		0.2520		
	533.0000		0.2520		
	534.0000		0.2520		
	535.0000		0.2520		
	536.0000		0.2520		
	537.0000		0.2520		
	538.0000		0.2520		
	539.0000		0.2520		
	540.0000		0.2520		
	541.0000		0.2520		
	542.0000		0.2520		
	543.0000		0.2520		
	544.0000		0.2520		
	545.0000		0.2516		
	546.0000		0.2520		
	547.0000		0.2520		
	548.0000		0.2516		
	549.0000		0.2512		
	550.0000		0.2504		
	551.0000		0.2500		
	552.0000		0.2500		
	553.0000		0.2500		
	554.0000		0.2500		
	555.0000		0.2500		
	556.0000		0.2500		
	557.0000		0.2500		
	558.0000		0.2500		
	559.0000		0.2500		
	560.0000		0.2500		
	561.0000		0.2500		
	562.0000		0.2500		
	563.0000		0.2500		
	564.0000		0.2488		
	565.0000		0.2470		
	566.0000		0.2470		
	567.0000		0.2470		
	568.0000		0.2470		
	569.0000		0.2488		
	570.0000		0.2494		
	571.0000		0.2500		
	572.0000		0.2500		
	573.0000		0.2500		
	574.0000		0.2500		
	575.0000		0.2500		
	576.0000		0.2500		
	577.0000		0.2500		
	578.0000		0.2500		
	579.0000		0.2500		
	580.0000		0.2500		
	581.0000		0.2500		
	582.0000		0.2500		
	583.0000		0.2500		
	584.0000		0.2500		
	585.0000		0.2500		
	586.0000		0.2500		
	587.0000		0.2500		
	588.0000		0.2500		
	589.0000		0.2500		
	590.0000		0.2500		
	591.0000		0.2500		
	592.0000		0.2500		
	593.0000		0.2500		
	594.0000		0.2500		
	595.0000		0.2500		
	596.0000		0.2500		
	597.0000		0.2500		
	598.0000		0.2500		
	599.0000		0.2500		
	600.0000		0.2500		
	601.0000		0.2500		
	602.0000		0.2500		
	603.0000		0.2500		
	604.0000		0.2500		
	605.0000		0.2500		
	606.0000		0.2500		
	607.0000		0.2500		
	608.0000		0.2500		
	609.0000		0.2500		
	610.0000		0.2500		
	611.0000		0.2500		
	612.0000		0.2500		
	613.0000		0.2500		
	614.0000		0.2500		
	615.0000		0.2500		
	616.0000		0.2500		
	617.0000		0.2500		
	618.0000		0.2500		
	619.0000		0.2500		
	620.0000		0.2500		
	621.0000		0.2500		
	622.0000		0.2500		
	623.0000		0.2500		
	624.0000		0.2500		
	625.0000		0.2500		
	626.0000		0.2500		
	627.0000		0.2500		
	628.0000		0.2502		
	629.0000		0.2514		
	630.0000		0.2520		
	631.0000		0.2520		
	632.0000		0.2520		
	633.0000		0.2520		
	634.0000		0.2520		
	635.0000		0.2520		
	636.0000		0.2520		
	637.0000		0.2520		
	638.0000		0.2520		
	639.0000		0.2520		
	640.0000		0.2520		
	641.0000		0.2520		
	642.0000		0.2518		
	643.0000		0.2500		
	644.0000		0.2504		
	645.0000		0.2516		
	646.0000		0.2518		
	647.0000		0.2516		
	648.0000		0.2520		
	649.0000		0.2512		
	650.0000		0.2518		
	651.0000		0.2514		
	652.0000		0.2518		
	653.0000		0.2516		
	654.0000		0.2518		
	655.0000		0.2520		
	656.0000		0.2520		
	657.0000		0.2520		
	658.0000		0.2520		
	659.0000		0.2520		
	660.0000		0.2520		
	661.0000		0.2520		
	662.0000		0.2520		
	663.0000		0.2520		
	664.0000		0.2520		
	665.0000		0.2523		
	666.0000		0.2520		
	667.0000		0.2526		
	668.0000		0.2547		
	669.0000		0.2550		
	670.0000		0.2550		
	671.0000		0.2550		
	672.0000		0.2550		
	673.0000		0.2550		
	674.0000		0.2550		
	675.0000		0.2550		
	676.0000		0.2550		
	677.0000		0.2550		
	678.0000		0.2550		
	679.0000		0.2550		
	680.0000		0.2547		
	681.0000		0.2532		
	682.0000		0.2520		
	683.0000		0.2520		
	684.0000		0.2520		
	685.0000		0.2520		
	686.0000		0.2520		
	687.0000		0.2520		
	688.0000		0.2520		
	689.0000		0.2520		
	690.0000		0.2520		
	691.0000		0.2520		
	692.0000		0.2529		
	693.0000		0.2535		
	694.0000		0.2541		
	695.0000		0.2544		
	696.0000		0.2550		
	697.0000		0.2550		
	698.0000		0.2550		
	699.0000		0.2556		
	700.0000		0.2566		
	701.0000		0.2570		
	702.0000		0.2570		
	703.0000		0.2570		
	704.0000		0.2570		
	705.0000		0.2570		
	706.0000		0.2570		
	707.0000		0.2570		
	708.0000		0.2570		
	709.0000		0.2570		
	710.0000		0.2570		
	711.0000		0.2570		
	712.0000		0.2570		
	713.0000		0.2570		
	714.0000		0.2570		
	715.0000		0.2570		
	716.0000		0.2570		
	717.0000		0.2570		
	718.0000		0.2570		
	719.0000		0.2570		
	720.0000		0.2570		
	721.0000		0.2570		
	722.0000		0.2570		
	723.0000		0.2570		
	724.0000		0.2570		
	725.0000		0.2570		
	726.0000		0.2570		
	727.0000		0.2570		
	728.0000		0.2570		
	729.0000		0.2570		
	730.0000		0.2570		
	731.0000		0.2570		
	732.0000		0.2570		
	733.0000		0.2570		
	734.0000		0.2570		
	735.0000		0.2570		
	736.0000		0.2570		
	737.0000		0.2570		
	738.0000		0.2570		
	739.0000		0.2570		
	740.0000		0.2570		
	741.0000		0.2570		
	742.0000		0.2570		
	743.0000		0.2570		
	744.0000		0.2570		
	745.0000		0.2570		
	746.0000		0.2570		
	747.0000		0.2570		
	748.0000		0.2570		
	749.0000		0.2570		
	750.0000		0.2570		
	751.0000		0.2564		
	752.0000		0.2568		
	753.0000		0.2566		
	754.0000		0.2570		
	755.0000		0.2570		
	756.0000		0.2570		
	757.0000		0.2570		
	758.0000		0.2570		
	759.0000		0.2570		
	760.0000		0.2570		
	761.0000		0.2570		
	762.0000		0.2570		
	763.0000		0.2570		
	764.0000		0.2570		
	765.0000		0.2570		
	766.0000		0.2570		
	767.0000		0.2570		
	768.0000		0.2570		
	769.0000		0.2570		
	770.0000		0.2570		
	771.0000		0.2570		
	772.0000		0.2570		
	773.0000		0.2570		
	774.0000		0.2570		
	775.0000		0.2570		
	776.0000		0.2570		
	777.0000		0.2570		
	778.0000		0.2570		
	779.0000		0.2570		
	780.0000		0.2570		
	781.0000		0.2570		
	782.0000		0.2570		
	783.0000		0.2568		
	784.0000		0.2570		
	785.0000		0.2562		
	786.0000		0.2556		
	787.0000		0.2550		
	788.0000		0.2550		
	789.0000		0.2552		
	790.0000		0.2560		
	791.0000		0.2562		
	792.0000		0.2568		
	793.0000		0.2564		
	794.0000		0.2554		
	795.0000		0.2550		
	796.0000		0.2550		
	797.0000		0.2550		
	798.0000		0.2550		
	799.0000		0.2550		
	800.0000		0.2550		
	801.0000		0.2550		
	802.0000		0.2550		
	803.0000		0.2550		
	804.0000		0.2550		
	805.0000		0.2550		
	806.0000		0.2550		
	807.0000		0.2550		
	808.0000		0.2550		
	809.0000		0.2550		
	810.0000		0.2550		
	811.0000		0.2550		
	812.0000		0.2550		
	813.0000		0.2550		
	814.0000		0.2550		
	815.0000		0.2550		
	816.0000		0.2550		
	817.0000		0.2550		
	818.0000		0.2550		
	819.0000		0.2550		
	820.0000		0.2550		
	821.0000		0.2550		
	822.0000		0.2550		
	823.0000		0.2550		
	824.0000		0.2552		
	825.0000		0.2556		
	826.0000		0.2552		
	827.0000		0.2554		
	828.0000		0.2560		
	829.0000		0.2552		
	830.0000		0.2550		
	831.0000		0.2550		
	832.0000		0.2550		
	833.0000		0.2550		
	834.0000		0.2550		
	835.0000		0.2550		
	836.0000		0.2552		
	837.0000		0.2560		
	838.0000		0.2570		
	839.0000		0.2570		
	840.0000		0.2570		
	841.0000		0.2570		
	842.0000		0.2570		
	843.0000		0.2570		
	844.0000		0.2568		
	845.0000		0.2562		
	846.0000		0.2550		
	847.0000		0.2550		
	848.0000		0.2550		
	849.0000		0.2550		
	850.0000		0.2550		
	851.0000		0.2550		
	852.0000		0.2538		
	853.0000		0.2520		
	854.0000		0.2520		
	855.0000		0.2520		
	856.0000		0.2520		
	857.0000		0.2520		
	858.0000		0.2520		
	859.0000		0.2520		
	860.0000		0.2520		
	861.0000		0.2520		
	862.0000		0.2526		
	863.0000		0.2520		
	864.0000		0.2520		
	865.0000		0.2520		
	866.0000		0.2529		
	867.0000		0.2544		
	868.0000		0.2544		
	869.0000		0.2550		
	870.0000		0.2550		
	871.0000		0.2550		
	872.0000		0.2550		
	873.0000		0.2550		
	874.0000		0.2550		
	875.0000		0.2544		
	876.0000		0.2532		
	877.0000		0.2520		
	878.0000		0.2520		
	879.0000		0.2526		
	880.0000		0.2520		
	881.0000		0.2520		
	882.0000		0.2520		
	883.0000		0.2520		
	884.0000		0.2520		
	885.0000		0.2520		
	886.0000		0.2520		
	887.0000		0.2520		
	888.0000		0.2520		
	889.0000		0.2520		
	890.0000		0.2520		
	891.0000		0.2520		
	892.0000		0.2520		
	893.0000		0.2529		
	894.0000		0.2541		
	895.0000		0.2544		
	896.0000		0.2523		
	897.0000		0.2520		
	898.0000		0.2520		
	899.0000		0.2520		