IGOR
X| Fri May 19 15:41:45 2017
X|   0.000000000000 0 X|
X|   0.000000000000 0 X|
X|   0.000000000000 0 X|
X|   0.000000000000 0 X|
X| data_type 	 num_points 	 num_chans 	 shots_per_read 	 reads_per_point 	 num_sweeps
X|      0   			  900   		     1    		   30  		    10     			   1
WAVES	  XDATA  Z1DATA	 
BEGIN
	0.0000		0.2597		
	1.0000		0.2612		
	2.0000		0.2626		
	3.0000		0.2665		
	4.0000		0.2716		
	5.0000		0.2760		
	6.0000		0.2770		
	7.0000		0.2801		
	8.0000		0.2835		
	9.0000		0.2864		
	10.0000		0.2885		
	11.0000		0.2868		
	12.0000		0.2933		
	13.0000		0.2970		
	14.0000		0.3003		
	15.0000		0.3026		
	16.0000		0.3029		
	17.0000		0.3050		
	18.0000		0.3020		
	19.0000		0.3020		
	20.0000		0.3018		
	21.0000		0.3004		
	22.0000		0.3000		
	23.0000		0.2985		
	24.0000		0.2962		
	25.0000		0.2932		
	26.0000		0.2914		
	27.0000		0.2900		
	28.0000		0.2876		
	29.0000		0.2856		
	30.0000		0.2841		
	31.0000		0.2820		
	32.0000		0.2838		
	33.0000		0.2823		
	34.0000		0.2852		
	35.0000		0.2870		
	36.0000		0.2885		
	37.0000		0.2900		
	38.0000		0.2926		
	39.0000		0.2950		
	40.0000		0.2968		
	41.0000		0.2982		
	42.0000		0.3000		
	43.0000		0.3000		
	44.0000		0.3012		
	45.0000		0.3020		
	46.0000		0.3020		
	47.0000		0.3018		
	48.0000		0.3012		
	49.0000		0.3000		
	50.0000		0.2982		
	51.0000		0.2970		
	52.0000		0.2970		
	53.0000		0.2968		
	54.0000		0.2950		
	55.0000		0.2950		
	56.0000		0.2935		
	57.0000		0.2914		
	58.0000		0.2900		
	59.0000		0.2882		
	60.0000		0.2870		
	61.0000		0.2858		
	62.0000		0.2850		
	63.0000		0.2826		
	64.0000		0.2808		
	65.0000		0.2800		
	66.0000		0.2785		
	67.0000		0.2768		
	68.0000		0.2741		
	69.0000		0.2718		
	70.0000		0.2688		
	71.0000		0.2664		
	72.0000		0.2644		
	73.0000		0.2620		
	74.0000		0.2620		
	75.0000		0.2600		
	76.0000		0.2600		
	77.0000		0.2600		
	78.0000		0.2604		
	79.0000		0.2620		
	80.0000		0.2623		
	81.0000		0.2646		
	82.0000		0.2670		
	83.0000		0.2699		
	84.0000		0.2732		
	85.0000		0.2758		
	86.0000		0.2770		
	87.0000		0.2812		
	88.0000		0.2820		
	89.0000		0.2820		
	90.0000		0.2820		
	91.0000		0.2816		
	92.0000		0.2800		
	93.0000		0.2776		
	94.0000		0.2770		
	95.0000		0.2770		
	96.0000		0.2770		
	97.0000		0.2770		
	98.0000		0.2756		
	99.0000		0.2752		
	100.0000		0.2766		
	101.0000		0.2770		
	102.0000		0.2770		
	103.0000		0.2788		
	104.0000		0.2820		
	105.0000		0.2871		
	106.0000		0.2930		
	107.0000		0.3007		
	108.0000		0.3097		
	109.0000		0.3177		
	110.0000		0.3230		
	111.0000		0.3279		
	112.0000		0.3318		
	113.0000		0.3362		
	114.0000		0.3397		
	115.0000		0.3400		
	116.0000		0.3400		
	117.0000		0.3388		
	118.0000		0.3400		
	119.0000		0.3394		
	120.0000		0.3373		
	121.0000		0.3370		
	122.0000		0.3370		
	123.0000		0.3370		
	124.0000		0.3370		
	125.0000		0.3370		
	126.0000		0.3370		
	127.0000		0.3370		
	128.0000		0.3370		
	129.0000		0.3379		
	130.0000		0.3370		
	131.0000		0.3385		
	132.0000		0.3400		
	133.0000		0.3382		
	134.0000		0.3364		
	135.0000		0.3350		
	136.0000		0.3350		
	137.0000		0.3350		
	138.0000		0.3350		
	139.0000		0.3350		
	140.0000		0.3350		
	141.0000		0.3350		
	142.0000		0.3341		
	143.0000		0.3341		
	144.0000		0.3350		
	145.0000		0.3358		
	146.0000		0.3370		
	147.0000		0.3356		
	148.0000		0.3370		
	149.0000		0.3370		
	150.0000		0.3370		
	151.0000		0.3370		
	152.0000		0.3370		
	153.0000		0.3370		
	154.0000		0.3370		
	155.0000		0.3370		
	156.0000		0.3370		
	157.0000		0.3370		
	158.0000		0.3370		
	159.0000		0.3391		
	160.0000		0.3400		
	161.0000		0.3394		
	162.0000		0.3385		
	163.0000		0.3376		
	164.0000		0.3370		
	165.0000		0.3370		
	166.0000		0.3370		
	167.0000		0.3370		
	168.0000		0.3370		
	169.0000		0.3370		
	170.0000		0.3379		
	171.0000		0.3382		
	172.0000		0.3370		
	173.0000		0.3370		
	174.0000		0.3370		
	175.0000		0.3370		
	176.0000		0.3370		
	177.0000		0.3370		
	178.0000		0.3370		
	179.0000		0.3370		
	180.0000		0.3370		
	181.0000		0.3366		
	182.0000		0.3370		
	183.0000		0.3382		
	184.0000		0.3388		
	185.0000		0.3370		
	186.0000		0.3376		
	187.0000		0.3385		
	188.0000		0.3400		
	189.0000		0.3388		
	190.0000		0.3400		
	191.0000		0.3400		
	192.0000		0.3400		
	193.0000		0.3400		
	194.0000		0.3400		
	195.0000		0.3400		
	196.0000		0.3400		
	197.0000		0.3394		
	198.0000		0.3385		
	199.0000		0.3400		
	200.0000		0.3400		
	201.0000		0.3400		
	202.0000		0.3410		
	203.0000		0.3432		
	204.0000		0.3462		
	205.0000		0.3510		
	206.0000		0.3557		
	207.0000		0.3599		
	208.0000		0.3638		
	209.0000		0.3682		
	210.0000		0.3708		
	211.0000		0.3752		
	212.0000		0.3790		
	213.0000		0.3812		
	214.0000		0.3854		
	215.0000		0.3896		
	216.0000		0.3946		
	217.0000		0.3976		
	218.0000		0.4012		
	219.0000		0.4044		
	220.0000		0.4068		
	221.0000		0.4099		
	222.0000		0.4119		
	223.0000		0.4162		
	224.0000		0.4176		
	225.0000		0.4148		
	226.0000		0.4144		
	227.0000		0.4115		
	228.0000		0.4094		
	229.0000		0.4019		
	230.0000		0.3926		
	231.0000		0.3839		
	232.0000		0.3782		
	233.0000		0.3719		
	234.0000		0.3650		
	235.0000		0.3595		
	236.0000		0.3570		
	237.0000		0.3566		
	238.0000		0.3550		
	239.0000		0.3529		
	240.0000		0.3520		
	241.0000		0.3520		
	242.0000		0.3520		
	243.0000		0.3523		
	244.0000		0.3529		
	245.0000		0.3568		
	246.0000		0.3582		
	247.0000		0.3600		
	248.0000		0.3616		
	249.0000		0.3618		
	250.0000		0.3620		
	251.0000		0.3620		
	252.0000		0.3632		
	253.0000		0.3612		
	254.0000		0.3585		
	255.0000		0.3556		
	256.0000		0.3529		
	257.0000		0.3504		
	258.0000		0.3476		
	259.0000		0.3460		
	260.0000		0.3450		
	261.0000		0.3423		
	262.0000		0.3420		
	263.0000		0.3437		
	264.0000		0.3466		
	265.0000		0.3439		
	266.0000		0.3423		
	267.0000		0.3416		
	268.0000		0.3400		
	269.0000		0.3414		
	270.0000		0.3450		
	271.0000		0.3495		
	272.0000		0.3570		
	273.0000		0.3630		
	274.0000		0.3725		
	275.0000		0.3820		
	276.0000		0.3924		
	277.0000		0.4024		
	278.0000		0.4128		
	279.0000		0.4227		
	280.0000		0.4363		
	281.0000		0.4527		
	282.0000		0.4725		
	283.0000		0.4921		
	284.0000		0.5170		
	285.0000		0.5415		
	286.0000		0.5729		
	287.0000		0.6052		
	288.0000		0.6329		
	289.0000		0.6598		
	290.0000		0.6880		
	291.0000		0.7105		
	292.0000		0.7262		
	293.0000		0.7370		
	294.0000		0.7381		
	295.0000		0.7309		
	296.0000		0.7260		
	297.0000		0.7195		
	298.0000		0.7117		
	299.0000		0.7023		
	300.0000		0.6930		
	301.0000		0.6870		
	302.0000		0.6917		
	303.0000		0.7036		
	304.0000		0.7292		
	305.0000		0.7654		
	306.0000		0.8311		
	307.0000		0.8989		
	308.0000		0.9793		
	309.0000		1.1153		
	310.0000		1.3852		
	311.0000		1.6406		
	312.0000		1.8296		
	313.0000		2.0495		
	314.0000		2.3212		
	315.0000		2.5650		
	316.0000		2.8053		
	317.0000		3.0365		
	318.0000		3.2180		
	319.0000		3.3220		
	320.0000		3.4434		
	321.0000		3.5246		
	322.0000		3.5141		
	323.0000		3.5905		
	324.0000		3.5061		
	325.0000		3.4203		
	326.0000		3.4003		
	327.0000		3.3798		
	328.0000		3.3618		
	329.0000		3.2982		
	330.0000		3.1693		
	331.0000		3.0296		
	332.0000		2.8615		
	333.0000		2.6941		
	334.0000		2.5163		
	335.0000		2.3643		
	336.0000		2.2121		
	337.0000		2.0479		
	338.0000		1.8866		
	339.0000		1.7629		
	340.0000		1.6345		
	341.0000		1.5213		
	342.0000		1.4223		
	343.0000		1.3343		
	344.0000		1.2633		
	345.0000		1.2010		
	346.0000		1.1130		
	347.0000		1.0438		
	348.0000		0.9999		
	349.0000		0.9607		
	350.0000		0.9283		
	351.0000		0.9035		
	352.0000		0.8865		
	353.0000		0.8944		
	354.0000		0.8973		
	355.0000		0.8922		
	356.0000		0.8960		
	357.0000		0.8981		
	358.0000		0.9145		
	359.0000		0.9551		
	360.0000		0.9987		
	361.0000		1.0260		
	362.0000		1.0626		
	363.0000		1.1122		
	364.0000		1.1732		
	365.0000		1.2266		
	366.0000		1.2813		
	367.0000		1.3468		
	368.0000		1.4046		
	369.0000		1.4627		
	370.0000		1.5107		
	371.0000		1.5551		
	372.0000		1.6034		
	373.0000		1.6447		
	374.0000		1.6802		
	375.0000		1.7075		
	376.0000		1.7190		
	377.0000		1.7196		
	378.0000		1.7019		
	379.0000		1.6722		
	380.0000		1.6400		
	381.0000		1.5940		
	382.0000		1.5437		
	383.0000		1.4948		
	384.0000		1.4366		
	385.0000		1.3707		
	386.0000		1.2954		
	387.0000		1.2037		
	388.0000		1.1307		
	389.0000		1.0610		
	390.0000		0.9987		
	391.0000		0.9440		
	392.0000		0.8852		
	393.0000		0.8299		
	394.0000		0.7769		
	395.0000		0.7229		
	396.0000		0.6734		
	397.0000		0.6289		
	398.0000		0.5785		
	399.0000		0.5348		
	400.0000		0.5005		
	401.0000		0.4712		
	402.0000		0.4471		
	403.0000		0.4255		
	404.0000		0.4070		
	405.0000		0.3917		
	406.0000		0.3790		
	407.0000		0.3689		
	408.0000		0.3634		
	409.0000		0.3594		
	410.0000		0.3570		
	411.0000		0.3568		
	412.0000		0.3570		
	413.0000		0.3600		
	414.0000		0.3623		
	415.0000		0.3662		
	416.0000		0.3703		
	417.0000		0.3776		
	418.0000		0.3839		
	419.0000		0.3915		
	420.0000		0.3969		
	421.0000		0.4012		
	422.0000		0.4068		
	423.0000		0.4126		
	424.0000		0.4162		
	425.0000		0.4176		
	426.0000		0.4191		
	427.0000		0.4200		
	428.0000		0.4214		
	429.0000		0.4188		
	430.0000		0.4155		
	431.0000		0.4099		
	432.0000		0.4045		
	433.0000		0.3990		
	434.0000		0.3918		
	435.0000		0.3842		
	436.0000		0.3760		
	437.0000		0.3680		
	438.0000		0.3608		
	439.0000		0.3530		
	440.0000		0.3444		
	441.0000		0.3371		
	442.0000		0.3292		
	443.0000		0.3223		
	444.0000		0.3162		
	445.0000		0.3087		
	446.0000		0.3020		
	447.0000		0.2965		
	448.0000		0.2905		
	449.0000		0.2855		
	450.0000		0.2810		
	451.0000		0.2779		
	452.0000		0.2754		
	453.0000		0.2721		
	454.0000		0.2694		
	455.0000		0.2670		
	456.0000		0.2656		
	457.0000		0.2641		
	458.0000		0.2620		
	459.0000		0.2604		
	460.0000		0.2588		
	461.0000		0.2570		
	462.0000		0.2556		
	463.0000		0.2550		
	464.0000		0.2523		
	465.0000		0.2520		
	466.0000		0.2520		
	467.0000		0.2504		
	468.0000		0.2500		
	469.0000		0.2500		
	470.0000		0.2500		
	471.0000		0.2491		
	472.0000		0.2470		
	473.0000		0.2470		
	474.0000		0.2470		
	475.0000		0.2470		
	476.0000		0.2470		
	477.0000		0.2470		
	478.0000		0.2470		
	479.0000		0.2470		
	480.0000		0.2470		
	481.0000		0.2470		
	482.0000		0.2470		
	483.0000		0.2470		
	484.0000		0.2470		
	485.0000		0.2470		
	486.0000		0.2470		
	487.0000		0.2476		
	488.0000		0.2494		
	489.0000		0.2500		
	490.0000		0.2500		
	491.0000		0.2500		
	492.0000		0.2512		
	493.0000		0.2520		
	494.0000		0.2520		
	495.0000		0.2520		
	496.0000		0.2550		
	497.0000		0.2550		
	498.0000		0.2550		
	499.0000		0.2550		
	500.0000		0.2550		
	501.0000		0.2566		
	502.0000		0.2570		
	503.0000		0.2570		
	504.0000		0.2570		
	505.0000		0.2570		
	506.0000		0.2570		
	507.0000		0.2579		
	508.0000		0.2597		
	509.0000		0.2600		
	510.0000		0.2600		
	511.0000		0.2600		
	512.0000		0.2604		
	513.0000		0.2620		
	514.0000		0.2620		
	515.0000		0.2620		
	516.0000		0.2620		
	517.0000		0.2620		
	518.0000		0.2638		
	519.0000		0.2650		
	520.0000		0.2662		
	521.0000		0.2670		
	522.0000		0.2670		
	523.0000		0.2670		
	524.0000		0.2670		
	525.0000		0.2670		
	526.0000		0.2670		
	527.0000		0.2670		
	528.0000		0.2670		
	529.0000		0.2670		
	530.0000		0.2670		
	531.0000		0.2670		
	532.0000		0.2670		
	533.0000		0.2670		
	534.0000		0.2670		
	535.0000		0.2670		
	536.0000		0.2670		
	537.0000		0.2670		
	538.0000		0.2670		
	539.0000		0.2670		
	540.0000		0.2670		
	541.0000		0.2660		
	542.0000		0.2652		
	543.0000		0.2650		
	544.0000		0.2650		
	545.0000		0.2650		
	546.0000		0.2650		
	547.0000		0.2650		
	548.0000		0.2650		
	549.0000		0.2650		
	550.0000		0.2650		
	551.0000		0.2629		
	552.0000		0.2620		
	553.0000		0.2620		
	554.0000		0.2620		
	555.0000		0.2620		
	556.0000		0.2620		
	557.0000		0.2620		
	558.0000		0.2620		
	559.0000		0.2616		
	560.0000		0.2606		
	561.0000		0.2600		
	562.0000		0.2600		
	563.0000		0.2600		
	564.0000		0.2600		
	565.0000		0.2600		
	566.0000		0.2600		
	567.0000		0.2597		
	568.0000		0.2591		
	569.0000		0.2570		
	570.0000		0.2570		
	571.0000		0.2570		
	572.0000		0.2570		
	573.0000		0.2573		
	574.0000		0.2594		
	575.0000		0.2600		
	576.0000		0.2600		
	577.0000		0.2597		
	578.0000		0.2588		
	579.0000		0.2588		
	580.0000		0.2594		
	581.0000		0.2597		
	582.0000		0.2576		
	583.0000		0.2585		
	584.0000		0.2576		
	585.0000		0.2570		
	586.0000		0.2570		
	587.0000		0.2570		
	588.0000		0.2570		
	589.0000		0.2570		
	590.0000		0.2570		
	591.0000		0.2570		
	592.0000		0.2570		
	593.0000		0.2570		
	594.0000		0.2570		
	595.0000		0.2570		
	596.0000		0.2570		
	597.0000		0.2570		
	598.0000		0.2570		
	599.0000		0.2570		
	600.0000		0.2562		
	601.0000		0.2554		
	602.0000		0.2552		
	603.0000		0.2550		
	604.0000		0.2550		
	605.0000		0.2550		
	606.0000		0.2554		
	607.0000		0.2564		
	608.0000		0.2570		
	609.0000		0.2558		
	610.0000		0.2552		
	611.0000		0.2560		
	612.0000		0.2564		
	613.0000		0.2564		
	614.0000		0.2556		
	615.0000		0.2552		
	616.0000		0.2550		
	617.0000		0.2550		
	618.0000		0.2550		
	619.0000		0.2550		
	620.0000		0.2550		
	621.0000		0.2550		
	622.0000		0.2550		
	623.0000		0.2550		
	624.0000		0.2550		
	625.0000		0.2550		
	626.0000		0.2550		
	627.0000		0.2550		
	628.0000		0.2550		
	629.0000		0.2550		
	630.0000		0.2550		
	631.0000		0.2550		
	632.0000		0.2550		
	633.0000		0.2550		
	634.0000		0.2550		
	635.0000		0.2547		
	636.0000		0.2550		
	637.0000		0.2550		
	638.0000		0.2550		
	639.0000		0.2541		
	640.0000		0.2544		
	641.0000		0.2550		
	642.0000		0.2547		
	643.0000		0.2529		
	644.0000		0.2529		
	645.0000		0.2523		
	646.0000		0.2520		
	647.0000		0.2520		
	648.0000		0.2520		
	649.0000		0.2520		
	650.0000		0.2520		
	651.0000		0.2520		
	652.0000		0.2520		
	653.0000		0.2520		
	654.0000		0.2520		
	655.0000		0.2520		
	656.0000		0.2520		
	657.0000		0.2520		
	658.0000		0.2520		
	659.0000		0.2520		
	660.0000		0.2520		
	661.0000		0.2520		
	662.0000		0.2520		
	663.0000		0.2520		
	664.0000		0.2520		
	665.0000		0.2520		
	666.0000		0.2520		
	667.0000		0.2523		
	668.0000		0.2541		
	669.0000		0.2550		
	670.0000		0.2547		
	671.0000		0.2547		
	672.0000		0.2547		
	673.0000		0.2550		
	674.0000		0.2550		
	675.0000		0.2550		
	676.0000		0.2541		
	677.0000		0.2520		
	678.0000		0.2535		
	679.0000		0.2544		
	680.0000		0.2541		
	681.0000		0.2550		
	682.0000		0.2547		
	683.0000		0.2520		
	684.0000		0.2520		
	685.0000		0.2520		
	686.0000		0.2520		
	687.0000		0.2520		
	688.0000		0.2520		
	689.0000		0.2520		
	690.0000		0.2520		
	691.0000		0.2520		
	692.0000		0.2520		
	693.0000		0.2520		
	694.0000		0.2520		
	695.0000		0.2520		
	696.0000		0.2520		
	697.0000		0.2520		
	698.0000		0.2502		
	699.0000		0.2500		
	700.0000		0.2500		
	701.0000		0.2500		
	702.0000		0.2500		
	703.0000		0.2500		
	704.0000		0.2500		
	705.0000		0.2500		
	706.0000		0.2500		
	707.0000		0.2500		
	708.0000		0.2500		
	709.0000		0.2500		
	710.0000		0.2500		
	711.0000		0.2500		
	712.0000		0.2500		
	713.0000		0.2500		
	714.0000		0.2500		
	715.0000		0.2500		
	716.0000		0.2500		
	717.0000		0.2500		
	718.0000		0.2500		
	719.0000		0.2512		
	720.0000		0.2520		
	721.0000		0.2520		
	722.0000		0.2520		
	723.0000		0.2520		
	724.0000		0.2520		
	725.0000		0.2520		
	726.0000		0.2520		
	727.0000		0.2520		
	728.0000		0.2520		
	729.0000		0.2508		
	730.0000		0.2500		
	731.0000		0.2500		
	732.0000		0.2500		
	733.0000		0.2500		
	734.0000		0.2500		
	735.0000		0.2500		
	736.0000		0.2500		
	737.0000		0.2502		
	738.0000		0.2500		
	739.0000		0.2502		
	740.0000		0.2500		
	741.0000		0.2500		
	742.0000		0.2506		
	743.0000		0.2502		
	744.0000		0.2500		
	745.0000		0.2502		
	746.0000		0.2502		
	747.0000		0.2502		
	748.0000		0.2506		
	749.0000		0.2504		
	750.0000		0.2500		
	751.0000		0.2502		
	752.0000		0.2502		
	753.0000		0.2502		
	754.0000		0.2500		
	755.0000		0.2500		
	756.0000		0.2500		
	757.0000		0.2500		
	758.0000		0.2504		
	759.0000		0.2510		
	760.0000		0.2520		
	761.0000		0.2520		
	762.0000		0.2520		
	763.0000		0.2520		
	764.0000		0.2520		
	765.0000		0.2520		
	766.0000		0.2520		
	767.0000		0.2520		
	768.0000		0.2520		
	769.0000		0.2520		
	770.0000		0.2520		
	771.0000		0.2520		
	772.0000		0.2520		
	773.0000		0.2506		
	774.0000		0.2504		
	775.0000		0.2512		
	776.0000		0.2512		
	777.0000		0.2516		
	778.0000		0.2520		
	779.0000		0.2520		
	780.0000		0.2520		
	781.0000		0.2520		
	782.0000		0.2526		
	783.0000		0.2550		
	784.0000		0.2550		
	785.0000		0.2550		
	786.0000		0.2550		
	787.0000		0.2550		
	788.0000		0.2550		
	789.0000		0.2550		
	790.0000		0.2560		
	791.0000		0.2564		
	792.0000		0.2568		
	793.0000		0.2560		
	794.0000		0.2554		
	795.0000		0.2562		
	796.0000		0.2568		
	797.0000		0.2570		
	798.0000		0.2562		
	799.0000		0.2556		
	800.0000		0.2556		
	801.0000		0.2564		
	802.0000		0.2568		
	803.0000		0.2568		
	804.0000		0.2568		
	805.0000		0.2568		
	806.0000		0.2570		
	807.0000		0.2558		
	808.0000		0.2554		
	809.0000		0.2550		
	810.0000		0.2550		
	811.0000		0.2550		
	812.0000		0.2550		
	813.0000		0.2564		
	814.0000		0.2564		
	815.0000		0.2554		
	816.0000		0.2564		
	817.0000		0.2570		
	818.0000		0.2570		
	819.0000		0.2570		
	820.0000		0.2570		
	821.0000		0.2568		
	822.0000		0.2570		
	823.0000		0.2570		
	824.0000		0.2566		
	825.0000		0.2568		
	826.0000		0.2570		
	827.0000		0.2570		
	828.0000		0.2570		
	829.0000		0.2560		
	830.0000		0.2550		
	831.0000		0.2550		
	832.0000		0.2550		
	833.0000		0.2550		
	834.0000		0.2550		
	835.0000		0.2550		
	836.0000		0.2550		
	837.0000		0.2550		
	838.0000		0.2550		
	839.0000		0.2550		
	840.0000		0.2550		
	841.0000		0.2550		
	842.0000		0.2550		
	843.0000		0.2550		
	844.0000		0.2550		
	845.0000		0.2550		
	846.0000		0.2550		
	847.0000		0.2550		
	848.0000		0.2550		
	849.0000		0.2550		
	850.0000		0.2550		
	851.0000		0.2550		
	852.0000		0.2550		
	853.0000		0.2550		
	854.0000		0.2550		
	855.0000		0.2550		
	856.0000		0.2550		
	857.0000		0.2550		
	858.0000		0.2550		
	859.0000		0.2550		
	860.0000		0.2550		
	861.0000		0.2550		
	862.0000		0.2550		
	863.0000		0.2550		
	864.0000		0.2550		
	865.0000		0.2550		
	866.0000		0.2547		
	867.0000		0.2541		
	868.0000		0.2541		
	869.0000		0.2544		
	870.0000		0.2550		
	871.0000		0.2529		
	872.0000		0.2520		
	873.0000		0.2520		
	874.0000		0.2520		
	875.0000		0.2520		
	876.0000		0.2520		
	877.0000		0.2541		
	878.0000		0.2550		
	879.0000		0.2535		
	880.0000		0.2547		
	881.0000		0.2538		
	882.0000		0.2532		
	883.0000		0.2529		
	884.0000		0.2523		
	885.0000		0.2520		
	886.0000		0.2520		
	887.0000		0.2520		
	888.0000		0.2520		
	889.0000		0.2520		
	890.0000		0.2520		
	891.0000		0.2520		
	892.0000		0.2520		
	893.0000		0.2520		
	894.0000		0.2520		
	895.0000		0.2520		
	896.0000		0.2520		
	897.0000		0.2520		
	898.0000		0.2520		
	899.0000		0.2520		
END
