IGOR
X| Sun Jul 09 18:33:51 2017
X|   0.000000000000 0 X|
X|   0.000000000000 0 X|
X|   0.000000000000 0 X|
X|   0.000000000000 0 X|
X| data_type 	 num_points 	 num_chans 	 shots_per_read 	 reads_per_point 	 num_sweeps
X|      0   			  900   		     1    		   30  		    10     			   1
WAVES	  XDATA  Z1DATA	 
BEGIN
	0.0000		-0.4109		
	1.0000		-0.4024		
	2.0000		-0.3949		
	3.0000		-0.3810		
	4.0000		-0.3716		
	5.0000		-0.3645		
	6.0000		-0.3530		
	7.0000		-0.3463		
	8.0000		-0.3444		
	9.0000		-0.3408		
	10.0000		-0.3373		
	11.0000		-0.3373		
	12.0000		-0.3354		
	13.0000		-0.3217		
	14.0000		-0.2512		
	15.0000		-0.2355		
	16.0000		-0.2527		
	17.0000		-0.2706		
	18.0000		-0.2824		
	19.0000		-0.2935		
	20.0000		-0.3077		
	21.0000		-0.3174		
	22.0000		-0.3217		
	23.0000		-0.3241		
	24.0000		-0.3269		
	25.0000		-0.3275		
	26.0000		-0.3256		
	27.0000		-0.3260		
	28.0000		-0.3240		
	29.0000		-0.3221		
	30.0000		-0.3234		
	31.0000		-0.3266		
	32.0000		-0.3254		
	33.0000		-0.3249		
	34.0000		-0.3260		
	35.0000		-0.3273		
	36.0000		-0.3263		
	37.0000		-0.3238		
	38.0000		-0.3227		
	39.0000		-0.3222		
	40.0000		-0.3209		
	41.0000		-0.3201		
	42.0000		-0.3188		
	43.0000		-0.3164		
	44.0000		-0.3202		
	45.0000		-0.3214		
	46.0000		-0.3268		
	47.0000		-0.3277		
	48.0000		-0.3279		
	49.0000		-0.3279		
	50.0000		-0.3273		
	51.0000		-0.3238		
	52.0000		-0.3224		
	53.0000		-0.3229		
	54.0000		-0.3213		
	55.0000		-0.3234		
	56.0000		-0.3266		
	57.0000		-0.3276		
	58.0000		-0.3255		
	59.0000		-0.3256		
	60.0000		-0.3277		
	61.0000		-0.3276		
	62.0000		-0.3291		
	63.0000		-0.3276		
	64.0000		-0.3280		
	65.0000		-0.3294		
	66.0000		-0.3282		
	67.0000		-0.3266		
	68.0000		-0.3250		
	69.0000		-0.3226		
	70.0000		-0.3239		
	71.0000		-0.3255		
	72.0000		-0.3264		
	73.0000		-0.3280		
	74.0000		-0.3266		
	75.0000		-0.3250		
	76.0000		-0.3249		
	77.0000		-0.3218		
	78.0000		-0.3205		
	79.0000		-0.3279		
	80.0000		-0.3274		
	81.0000		-0.3277		
	82.0000		-0.3312		
	83.0000		-0.3342		
	84.0000		-0.3362		
	85.0000		-0.3368		
	86.0000		-0.3329		
	87.0000		-0.3310		
	88.0000		-0.3332		
	89.0000		-0.3309		
	90.0000		-0.3269		
	91.0000		-0.3248		
	92.0000		-0.3243		
	93.0000		-0.3238		
	94.0000		-0.3238		
	95.0000		-0.3226		
	96.0000		-0.3227		
	97.0000		-0.3179		
	98.0000		-0.3178		
	99.0000		-0.3196		
	100.0000		-0.3194		
	101.0000		-0.3218		
	102.0000		-0.3226		
	103.0000		-0.3294		
	104.0000		-0.3295		
	105.0000		-0.3250		
	106.0000		-0.3263		
	107.0000		-0.3306		
	108.0000		-0.3293		
	109.0000		-0.3264		
	110.0000		-0.3306		
	111.0000		-0.3277		
	112.0000		-0.3277		
	113.0000		-0.3319		
	114.0000		-0.3316		
	115.0000		-0.3272		
	116.0000		-0.3270		
	117.0000		-0.3261		
	118.0000		-0.3285		
	119.0000		-0.3343		
	120.0000		-0.3310		
	121.0000		-0.3335		
	122.0000		-0.3310		
	123.0000		-0.3340		
	124.0000		-0.3426		
	125.0000		-0.3366		
	126.0000		-0.3372		
	127.0000		-0.3386		
	128.0000		-0.3374		
	129.0000		-0.3335		
	130.0000		-0.3365		
	131.0000		-0.3356		
	132.0000		-0.3360		
	133.0000		-0.3319		
	134.0000		-0.3285		
	135.0000		-0.3272		
	136.0000		-0.3235		
	137.0000		-0.3244		
	138.0000		-0.3244		
	139.0000		-0.3264		
	140.0000		-0.3248		
	141.0000		-0.3252		
	142.0000		-0.3270		
	143.0000		-0.3326		
	144.0000		-0.3318		
	145.0000		-0.3288		
	146.0000		-0.3279		
	147.0000		-0.3349		
	148.0000		-0.3363		
	149.0000		-0.3318		
	150.0000		-0.3354		
	151.0000		-0.3336		
	152.0000		-0.3312		
	153.0000		-0.3306		
	154.0000		-0.3306		
	155.0000		-0.3276		
	156.0000		-0.3268		
	157.0000		-0.3276		
	158.0000		-0.3290		
	159.0000		-0.3275		
	160.0000		-0.3275		
	161.0000		-0.3302		
	162.0000		-0.3291		
	163.0000		-0.3291		
	164.0000		-0.3256		
	165.0000		-0.3304		
	166.0000		-0.3368		
	167.0000		-0.3360		
	168.0000		-0.3350		
	169.0000		-0.3353		
	170.0000		-0.3332		
	171.0000		-0.3372		
	172.0000		-0.3356		
	173.0000		-0.3318		
	174.0000		-0.3301		
	175.0000		-0.3302		
	176.0000		-0.3346		
	177.0000		-0.3363		
	178.0000		-0.3266		
	179.0000		-0.3246		
	180.0000		-0.3223		
	181.0000		-0.3244		
	182.0000		-0.3250		
	183.0000		-0.3236		
	184.0000		-0.3269		
	185.0000		-0.3270		
	186.0000		-0.3243		
	187.0000		-0.3235		
	188.0000		-0.3256		
	189.0000		-0.3256		
	190.0000		-0.3287		
	191.0000		-0.3320		
	192.0000		-0.3318		
	193.0000		-0.3312		
	194.0000		-0.3267		
	195.0000		-0.3245		
	196.0000		-0.3216		
	197.0000		-0.3212		
	198.0000		-0.3238		
	199.0000		-0.3267		
	200.0000		-0.3254		
	201.0000		-0.3249		
	202.0000		-0.3256		
	203.0000		-0.3269		
	204.0000		-0.3244		
	205.0000		-0.3246		
	206.0000		-0.3264		
	207.0000		-0.3270		
	208.0000		-0.3285		
	209.0000		-0.3291		
	210.0000		-0.3258		
	211.0000		-0.3249		
	212.0000		-0.3238		
	213.0000		-0.3206		
	214.0000		-0.2859		
	215.0000		-0.2397		
	216.0000		-0.2545		
	217.0000		-0.2714		
	218.0000		-0.2865		
	219.0000		-0.3004		
	220.0000		-0.3062		
	221.0000		-0.3089		
	222.0000		-0.3128		
	223.0000		-0.3142		
	224.0000		-0.3177		
	225.0000		-0.3222		
	226.0000		-0.3238		
	227.0000		-0.3261		
	228.0000		-0.3267		
	229.0000		-0.3231		
	230.0000		-0.3182		
	231.0000		-0.3196		
	232.0000		-0.3261		
	233.0000		-0.3258		
	234.0000		-0.3258		
	235.0000		-0.3291		
	236.0000		-0.3285		
	237.0000		-0.3248		
	238.0000		-0.3257		
	239.0000		-0.3263		
	240.0000		-0.3238		
	241.0000		-0.3201		
	242.0000		-0.3232		
	243.0000		-0.3208		
	244.0000		-0.3229		
	245.0000		-0.3189		
	246.0000		-0.3158		
	247.0000		-0.3174		
	248.0000		-0.3179		
	249.0000		-0.3150		
	250.0000		-0.3141		
	251.0000		-0.3124		
	252.0000		-0.3156		
	253.0000		-0.3132		
	254.0000		-0.3170		
	255.0000		-0.3201		
	256.0000		-0.3199		
	257.0000		-0.3214		
	258.0000		-0.3180		
	259.0000		-0.3162		
	260.0000		-0.3129		
	261.0000		-0.3103		
	262.0000		-0.3114		
	263.0000		-0.3141		
	264.0000		-0.3134		
	265.0000		-0.3125		
	266.0000		-0.3182		
	267.0000		-0.3203		
	268.0000		-0.3197		
	269.0000		-0.3236		
	270.0000		-0.3264		
	271.0000		-0.3204		
	272.0000		-0.3194		
	273.0000		-0.3202		
	274.0000		-0.3182		
	275.0000		-0.3175		
	276.0000		-0.3185		
	277.0000		-0.3187		
	278.0000		-0.3182		
	279.0000		-0.3157		
	280.0000		-0.3166		
	281.0000		-0.3178		
	282.0000		-0.3206		
	283.0000		-0.3202		
	284.0000		-0.3188		
	285.0000		-0.3186		
	286.0000		-0.3212		
	287.0000		-0.3192		
	288.0000		-0.3208		
	289.0000		-0.3221		
	290.0000		-0.3190		
	291.0000		-0.3200		
	292.0000		-0.3185		
	293.0000		-0.3212		
	294.0000		-0.3184		
	295.0000		-0.3208		
	296.0000		-0.3210		
	297.0000		-0.3202		
	298.0000		-0.3208		
	299.0000		-0.3236		
	300.0000		-0.3230		
	301.0000		-0.3213		
	302.0000		-0.3190		
	303.0000		-0.3176		
	304.0000		-0.3160		
	305.0000		-0.3156		
	306.0000		-0.3169		
	307.0000		-0.3188		
	308.0000		-0.3176		
	309.0000		-0.3210		
	310.0000		-0.3220		
	311.0000		-0.3274		
	312.0000		-0.3233		
	313.0000		-0.3208		
	314.0000		-0.3185		
	315.0000		-0.3162		
	316.0000		-0.3133		
	317.0000		-0.3085		
	318.0000		-0.3099		
	319.0000		-0.3159		
	320.0000		-0.3156		
	321.0000		-0.3191		
	322.0000		-0.3204		
	323.0000		-0.3204		
	324.0000		-0.3227		
	325.0000		-0.3245		
	326.0000		-0.3276		
	327.0000		-0.3253		
	328.0000		-0.3204		
	329.0000		-0.3206		
	330.0000		-0.3182		
	331.0000		-0.3148		
	332.0000		-0.3149		
	333.0000		-0.3201		
	334.0000		-0.3202		
	335.0000		-0.3212		
	336.0000		-0.3198		
	337.0000		-0.3188		
	338.0000		-0.3204		
	339.0000		-0.3221		
	340.0000		-0.3284		
	341.0000		-0.3312		
	342.0000		-0.3306		
	343.0000		-0.3264		
	344.0000		-0.3250		
	345.0000		-0.3264		
	346.0000		-0.3295		
	347.0000		-0.3279		
	348.0000		-0.3263		
	349.0000		-0.3262		
	350.0000		-0.3221		
	351.0000		-0.3167		
	352.0000		-0.3162		
	353.0000		-0.3112		
	354.0000		-0.3106		
	355.0000		-0.3147		
	356.0000		-0.3201		
	357.0000		-0.3214		
	358.0000		-0.3219		
	359.0000		-0.3256		
	360.0000		-0.3281		
	361.0000		-0.3262		
	362.0000		-0.3270		
	363.0000		-0.3227		
	364.0000		-0.3216		
	365.0000		-0.3204		
	366.0000		-0.3173		
	367.0000		-0.3209		
	368.0000		-0.3204		
	369.0000		-0.3206		
	370.0000		-0.3220		
	371.0000		-0.3255		
	372.0000		-0.3258		
	373.0000		-0.3270		
	374.0000		-0.3307		
	375.0000		-0.3316		
	376.0000		-0.3287		
	377.0000		-0.3273		
	378.0000		-0.3298		
	379.0000		-0.3300		
	380.0000		-0.3277		
	381.0000		-0.3276		
	382.0000		-0.3268		
	383.0000		-0.3235		
	384.0000		-0.3241		
	385.0000		-0.3280		
	386.0000		-0.3268		
	387.0000		-0.3298		
	388.0000		-0.3363		
	389.0000		-0.3397		
	390.0000		-0.3420		
	391.0000		-0.3436		
	392.0000		-0.3450		
	393.0000		-0.3452		
	394.0000		-0.3464		
	395.0000		-0.3459		
	396.0000		-0.3466		
	397.0000		-0.3515		
	398.0000		-0.3514		
	399.0000		-0.3567		
	400.0000		-0.3576		
	401.0000		-0.3573		
	402.0000		-0.3563		
	403.0000		-0.3645		
	404.0000		-0.3680		
	405.0000		-0.3688		
	406.0000		-0.3706		
	407.0000		-0.3738		
	408.0000		-0.3743		
	409.0000		-0.3756		
	410.0000		-0.3767		
	411.0000		-0.3776		
	412.0000		-0.3750		
	413.0000		-0.3794		
	414.0000		-0.3833		
	415.0000		-0.3867		
	416.0000		-0.3870		
	417.0000		-0.3885		
	418.0000		-0.3858		
	419.0000		-0.3871		
	420.0000		-0.3858		
	421.0000		-0.3859		
	422.0000		-0.3819		
	423.0000		-0.3831		
	424.0000		-0.3762		
	425.0000		-0.3727		
	426.0000		-0.3761		
	427.0000		-0.3760		
	428.0000		-0.3738		
	429.0000		-0.3753		
	430.0000		-0.3796		
	431.0000		-0.3768		
	432.0000		-0.3752		
	433.0000		-0.3700		
	434.0000		-0.3706		
	435.0000		-0.3708		
	436.0000		-0.3712		
	437.0000		-0.3688		
	438.0000		-0.3641		
	439.0000		-0.3620		
	440.0000		-0.3602		
	441.0000		-0.3548		
	442.0000		-0.3546		
	443.0000		-0.3540		
	444.0000		-0.3506		
	445.0000		-0.3491		
	446.0000		-0.3478		
	447.0000		-0.3546		
	448.0000		-0.3529		
	449.0000		-0.3505		
	450.0000		-0.3433		
	451.0000		-0.3400		
	452.0000		-0.3387		
	453.0000		-0.3368		
	454.0000		-0.3371		
	455.0000		-0.3356		
	456.0000		-0.3344		
	457.0000		-0.3299		
	458.0000		-0.3291		
	459.0000		-0.3323		
	460.0000		-0.3314		
	461.0000		-0.3304		
	462.0000		-0.3276		
	463.0000		-0.3303		
	464.0000		-0.3294		
	465.0000		-0.3344		
	466.0000		-0.3362		
	467.0000		-0.3352		
	468.0000		-0.3341		
	469.0000		-0.3351		
	470.0000		-0.3350		
	471.0000		-0.3344		
	472.0000		-0.3346		
	473.0000		-0.3335		
	474.0000		-0.3305		
	475.0000		-0.3302		
	476.0000		-0.3317		
	477.0000		-0.3297		
	478.0000		-0.3258		
	479.0000		-0.3272		
	480.0000		-0.3273		
	481.0000		-0.3279		
	482.0000		-0.3268		
	483.0000		-0.3226		
	484.0000		-0.3250		
	485.0000		-0.3229		
	486.0000		-0.3208		
	487.0000		-0.3210		
	488.0000		-0.3235		
	489.0000		-0.3267		
	490.0000		-0.3262		
	491.0000		-0.3264		
	492.0000		-0.3252		
	493.0000		-0.3251		
	494.0000		-0.3275		
	495.0000		-0.3266		
	496.0000		-0.3283		
	497.0000		-0.3257		
	498.0000		-0.3240		
	499.0000		-0.3247		
	500.0000		-0.3211		
	501.0000		-0.3183		
	502.0000		-0.3168		
	503.0000		-0.3173		
	504.0000		-0.3215		
	505.0000		-0.3241		
	506.0000		-0.3162		
	507.0000		-0.3182		
	508.0000		-0.3193		
	509.0000		-0.3185		
	510.0000		-0.3191		
	511.0000		-0.3212		
	512.0000		-0.3245		
	513.0000		-0.3257		
	514.0000		-0.3246		
	515.0000		-0.3262		
	516.0000		-0.3252		
	517.0000		-0.3251		
	518.0000		-0.3249		
	519.0000		-0.3264		
	520.0000		-0.3300		
	521.0000		-0.3264		
	522.0000		-0.3274		
	523.0000		-0.3312		
	524.0000		-0.3308		
	525.0000		-0.3284		
	526.0000		-0.3324		
	527.0000		-0.3312		
	528.0000		-0.3294		
	529.0000		-0.3279		
	530.0000		-0.3307		
	531.0000		-0.3306		
	532.0000		-0.3287		
	533.0000		-0.3260		
	534.0000		-0.3247		
	535.0000		-0.3251		
	536.0000		-0.3257		
	537.0000		-0.3282		
	538.0000		-0.3271		
	539.0000		-0.3276		
	540.0000		-0.3261		
	541.0000		-0.3210		
	542.0000		-0.3241		
	543.0000		-0.3272		
	544.0000		-0.3306		
	545.0000		-0.3310		
	546.0000		-0.3294		
	547.0000		-0.3296		
	548.0000		-0.3270		
	549.0000		-0.3273		
	550.0000		-0.3276		
	551.0000		-0.3307		
	552.0000		-0.3286		
	553.0000		-0.3307		
	554.0000		-0.3348		
	555.0000		-0.3344		
	556.0000		-0.3292		
	557.0000		-0.3312		
	558.0000		-0.3277		
	559.0000		-0.3283		
	560.0000		-0.3358		
	561.0000		-0.3360		
	562.0000		-0.3306		
	563.0000		-0.3282		
	564.0000		-0.3268		
	565.0000		-0.3294		
	566.0000		-0.3297		
	567.0000		-0.3300		
	568.0000		-0.3284		
	569.0000		-0.3288		
	570.0000		-0.3314		
	571.0000		-0.3278		
	572.0000		-0.3278		
	573.0000		-0.3321		
	574.0000		-0.3334		
	575.0000		-0.3300		
	576.0000		-0.3291		
	577.0000		-0.3290		
	578.0000		-0.3306		
	579.0000		-0.3298		
	580.0000		-0.3305		
	581.0000		-0.3341		
	582.0000		-0.3316		
	583.0000		-0.3319		
	584.0000		-0.3359		
	585.0000		-0.3373		
	586.0000		-0.3401		
	587.0000		-0.3383		
	588.0000		-0.3367		
	589.0000		-0.3361		
	590.0000		-0.3366		
	591.0000		-0.3376		
	592.0000		-0.3393		
	593.0000		-0.3381		
	594.0000		-0.3358		
	595.0000		-0.3329		
	596.0000		-0.3365		
	597.0000		-0.3379		
	598.0000		-0.3329		
	599.0000		-0.3332		
	600.0000		-0.3317		
	601.0000		-0.3375		
	602.0000		-0.3443		
	603.0000		-0.3401		
	604.0000		-0.3379		
	605.0000		-0.3399		
	606.0000		-0.3442		
	607.0000		-0.3452		
	608.0000		-0.3462		
	609.0000		-0.3473		
	610.0000		-0.3458		
	611.0000		-0.3437		
	612.0000		-0.3419		
	613.0000		-0.3447		
	614.0000		-0.3430		
	615.0000		-0.3425		
	616.0000		-0.3410		
	617.0000		-0.3438		
	618.0000		-0.3406		
	619.0000		-0.3400		
	620.0000		-0.3422		
	621.0000		-0.3414		
	622.0000		-0.3418		
	623.0000		-0.3402		
	624.0000		-0.3385		
	625.0000		-0.3414		
	626.0000		-0.3440		
	627.0000		-0.3419		
	628.0000		-0.3358		
	629.0000		-0.3379		
	630.0000		-0.3403		
	631.0000		-0.3418		
	632.0000		-0.3408		
	633.0000		-0.3386		
	634.0000		-0.3408		
	635.0000		-0.3391		
	636.0000		-0.3391		
	637.0000		-0.3406		
	638.0000		-0.3352		
	639.0000		-0.3326		
	640.0000		-0.3356		
	641.0000		-0.3388		
	642.0000		-0.3394		
	643.0000		-0.3360		
	644.0000		-0.3364		
	645.0000		-0.3376		
	646.0000		-0.3410		
	647.0000		-0.3440		
	648.0000		-0.3449		
	649.0000		-0.3432		
	650.0000		-0.3410		
	651.0000		-0.3400		
	652.0000		-0.3385		
	653.0000		-0.3382		
	654.0000		-0.3402		
	655.0000		-0.3401		
	656.0000		-0.3408		
	657.0000		-0.3410		
	658.0000		-0.3399		
	659.0000		-0.3365		
	660.0000		-0.3332		
	661.0000		-0.3325		
	662.0000		-0.3357		
	663.0000		-0.3354		
	664.0000		-0.3292		
	665.0000		-0.3276		
	666.0000		-0.3271		
	667.0000		-0.3278		
	668.0000		-0.3276		
	669.0000		-0.3271		
	670.0000		-0.3260		
	671.0000		-0.3222		
	672.0000		-0.3256		
	673.0000		-0.3289		
	674.0000		-0.3312		
	675.0000		-0.3320		
	676.0000		-0.3321		
	677.0000		-0.3311		
	678.0000		-0.3364		
	679.0000		-0.3368		
	680.0000		-0.3352		
	681.0000		-0.3374		
	682.0000		-0.3400		
	683.0000		-0.3411		
	684.0000		-0.3404		
	685.0000		-0.3408		
	686.0000		-0.3444		
	687.0000		-0.3405		
	688.0000		-0.3364		
	689.0000		-0.3345		
	690.0000		-0.3349		
	691.0000		-0.3374		
	692.0000		-0.3369		
	693.0000		-0.3364		
	694.0000		-0.3387		
	695.0000		-0.3452		
	696.0000		-0.3427		
	697.0000		-0.3466		
	698.0000		-0.3472		
	699.0000		-0.3420		
	700.0000		-0.3412		
	701.0000		-0.3402		
	702.0000		-0.3399		
	703.0000		-0.3394		
	704.0000		-0.3432		
	705.0000		-0.3424		
	706.0000		-0.3432		
	707.0000		-0.3462		
	708.0000		-0.3464		
	709.0000		-0.3459		
	710.0000		-0.3395		
	711.0000		-0.3370		
	712.0000		-0.3350		
	713.0000		-0.3352		
	714.0000		-0.3355		
	715.0000		-0.3370		
	716.0000		-0.3402		
	717.0000		-0.3426		
	718.0000		-0.3423		
	719.0000		-0.3443		
	720.0000		-0.3475		
	721.0000		-0.3472		
	722.0000		-0.3456		
	723.0000		-0.3453		
	724.0000		-0.3491		
	725.0000		-0.3511		
	726.0000		-0.3554		
	727.0000		-0.3514		
	728.0000		-0.3482		
	729.0000		-0.3487		
	730.0000		-0.3485		
	731.0000		-0.3460		
	732.0000		-0.3466		
	733.0000		-0.3448		
	734.0000		-0.3444		
	735.0000		-0.3449		
	736.0000		-0.3438		
	737.0000		-0.3429		
	738.0000		-0.3402		
	739.0000		-0.3422		
	740.0000		-0.3426		
	741.0000		-0.3441		
	742.0000		-0.3464		
	743.0000		-0.3516		
	744.0000		-0.3515		
	745.0000		-0.3488		
	746.0000		-0.3498		
	747.0000		-0.3512		
	748.0000		-0.3469		
	749.0000		-0.3410		
	750.0000		-0.3439		
	751.0000		-0.3449		
	752.0000		-0.3434		
	753.0000		-0.3437		
	754.0000		-0.3446		
	755.0000		-0.3447		
	756.0000		-0.3422		
	757.0000		-0.3435		
	758.0000		-0.3452		
	759.0000		-0.3415		
	760.0000		-0.3397		
	761.0000		-0.3384		
	762.0000		-0.3423		
	763.0000		-0.3417		
	764.0000		-0.3418		
	765.0000		-0.3361		
	766.0000		-0.3349		
	767.0000		-0.3346		
	768.0000		-0.3396		
	769.0000		-0.3404		
	770.0000		-0.3379		
	771.0000		-0.3414		
	772.0000		-0.3418		
	773.0000		-0.3433		
	774.0000		-0.3438		
	775.0000		-0.3426		
	776.0000		-0.3458		
	777.0000		-0.3458		
	778.0000		-0.3487		
	779.0000		-0.3500		
	780.0000		-0.3474		
	781.0000		-0.3426		
	782.0000		-0.3414		
	783.0000		-0.3418		
	784.0000		-0.3423		
	785.0000		-0.3435		
	786.0000		-0.3419		
	787.0000		-0.3473		
	788.0000		-0.3467		
	789.0000		-0.3523		
	790.0000		-0.3515		
	791.0000		-0.3488		
	792.0000		-0.3482		
	793.0000		-0.3471		
	794.0000		-0.3464		
	795.0000		-0.3463		
	796.0000		-0.3491		
	797.0000		-0.3506		
	798.0000		-0.3506		
	799.0000		-0.3514		
	800.0000		-0.3510		
	801.0000		-0.3495		
	802.0000		-0.3462		
	803.0000		-0.3464		
	804.0000		-0.3473		
	805.0000		-0.3493		
	806.0000		-0.3460		
	807.0000		-0.3402		
	808.0000		-0.3423		
	809.0000		-0.3429		
	810.0000		-0.3441		
	811.0000		-0.3429		
	812.0000		-0.3472		
	813.0000		-0.3462		
	814.0000		-0.3421		
	815.0000		-0.3416		
	816.0000		-0.3456		
	817.0000		-0.3450		
	818.0000		-0.3456		
	819.0000		-0.3456		
	820.0000		-0.3464		
	821.0000		-0.3397		
	822.0000		-0.3394		
	823.0000		-0.3406		
	824.0000		-0.3456		
	825.0000		-0.3466		
	826.0000		-0.3418		
	827.0000		-0.3400		
	828.0000		-0.3356		
	829.0000		-0.3392		
	830.0000		-0.3434		
	831.0000		-0.3457		
	832.0000		-0.3427		
	833.0000		-0.3408		
	834.0000		-0.3422		
	835.0000		-0.3443		
	836.0000		-0.3440		
	837.0000		-0.3456		
	838.0000		-0.3470		
	839.0000		-0.3464		
	840.0000		-0.3460		
	841.0000		-0.3473		
	842.0000		-0.3441		
	843.0000		-0.3410		
	844.0000		-0.3406		
	845.0000		-0.3432		
	846.0000		-0.3468		
	847.0000		-0.3491		
	848.0000		-0.3462		
	849.0000		-0.3462		
	850.0000		-0.3460		
	851.0000		-0.3470		
	852.0000		-0.3501		
	853.0000		-0.3490		
	854.0000		-0.3447		
	855.0000		-0.3435		
	856.0000		-0.3420		
	857.0000		-0.3391		
	858.0000		-0.3376		
	859.0000		-0.3376		
	860.0000		-0.3377		
	861.0000		-0.3370		
	862.0000		-0.3355		
	863.0000		-0.3352		
	864.0000		-0.3347		
	865.0000		-0.3360		
	866.0000		-0.3383		
	867.0000		-0.3385		
	868.0000		-0.3376		
	869.0000		-0.3391		
	870.0000		-0.3406		
	871.0000		-0.3440		
	872.0000		-0.3437		
	873.0000		-0.3541		
	874.0000		-0.3587		
	875.0000		-0.3585		
	876.0000		-0.3558		
	877.0000		-0.3544		
	878.0000		-0.3548		
	879.0000		-0.3554		
	880.0000		-0.3516		
	881.0000		-0.3512		
	882.0000		-0.3506		
	883.0000		-0.3488		
	884.0000		-0.3470		
	885.0000		-0.3490		
	886.0000		-0.3490		
	887.0000		-0.3474		
	888.0000		-0.3490		
	889.0000		-0.3519		
	890.0000		-0.3512		
	891.0000		-0.3480		
	892.0000		-0.3423		
	893.0000		-0.3409		
	894.0000		-0.3445		
	895.0000		-0.3468		
	896.0000		-0.3474		
	897.0000		-0.3495		
	898.0000		-0.3503		
	899.0000		-0.3479		
END
