IGOR
X| Sat Jul 22 18:15:53 2017
X|   0.000000000000 0 X|
X|   0.000000000000 0 X|
X|   0.000000000000 0 X|
X|   0.000000000000 0 X|
X| data_type 	 num_points 	 num_chans 	 shots_per_read 	 reads_per_point 	 num_sweeps
X|      0   			  900   		     1    		   30  		    10     			   1
WAVES	  XDATA  Z1DATA	 
BEGIN
	0.0000		-0.1862		
	1.0000		-0.1876		
	2.0000		-0.1825		
	3.0000		-0.1750		
	4.0000		-0.1667		
	5.0000		-0.1578		
	6.0000		-0.1580		
	7.0000		-0.1569		
	8.0000		-0.1644		
	9.0000		-0.1688		
	10.0000		-0.1664		
	11.0000		-0.1698		
	12.0000		-0.1711		
	13.0000		-0.1687		
	14.0000		0.2515		
	15.0000		0.2190		
	16.0000		0.1370		
	17.0000		0.0642		
	18.0000		0.0115		
	19.0000		-0.0311		
	20.0000		-0.0613		
	21.0000		-0.0790		
	22.0000		-0.0933		
	23.0000		-0.1065		
	24.0000		-0.1150		
	25.0000		-0.1222		
	26.0000		-0.1341		
	27.0000		-0.1413		
	28.0000		-0.1466		
	29.0000		-0.1442		
	30.0000		-0.1449		
	31.0000		-0.1438		
	32.0000		-0.1375		
	33.0000		-0.1356		
	34.0000		-0.1376		
	35.0000		-0.1385		
	36.0000		-0.1415		
	37.0000		-0.1420		
	38.0000		-0.1404		
	39.0000		-0.1399		
	40.0000		-0.1342		
	41.0000		-0.1326		
	42.0000		-0.1371		
	43.0000		-0.1410		
	44.0000		-0.1386		
	45.0000		-0.1406		
	46.0000		-0.1452		
	47.0000		-0.1492		
	48.0000		-0.1528		
	49.0000		-0.1512		
	50.0000		-0.1508		
	51.0000		-0.1557		
	52.0000		-0.1579		
	53.0000		-0.1615		
	54.0000		-0.1585		
	55.0000		-0.1520		
	56.0000		-0.1445		
	57.0000		-0.1412		
	58.0000		-0.1368		
	59.0000		-0.1360		
	60.0000		-0.1431		
	61.0000		-0.1485		
	62.0000		-0.1482		
	63.0000		-0.1508		
	64.0000		-0.1524		
	65.0000		-0.1534		
	66.0000		-0.1532		
	67.0000		-0.1505		
	68.0000		-0.1462		
	69.0000		-0.1492		
	70.0000		-0.1525		
	71.0000		-0.1548		
	72.0000		-0.1561		
	73.0000		-0.1550		
	74.0000		-0.1534		
	75.0000		-0.1512		
	76.0000		-0.1493		
	77.0000		-0.1487		
	78.0000		-0.1479		
	79.0000		-0.1471		
	80.0000		-0.1510		
	81.0000		-0.1495		
	82.0000		-0.1463		
	83.0000		-0.1446		
	84.0000		-0.1426		
	85.0000		-0.1494		
	86.0000		-0.1605		
	87.0000		-0.1610		
	88.0000		-0.1604		
	89.0000		-0.1573		
	90.0000		-0.1588		
	91.0000		-0.1568		
	92.0000		-0.1545		
	93.0000		-0.1562		
	94.0000		-0.1568		
	95.0000		-0.1557		
	96.0000		-0.1508		
	97.0000		-0.1508		
	98.0000		-0.1547		
	99.0000		-0.1594		
	100.0000		-0.1565		
	101.0000		-0.1554		
	102.0000		-0.1553		
	103.0000		-0.1550		
	104.0000		-0.1534		
	105.0000		-0.1589		
	106.0000		-0.1616		
	107.0000		-0.1604		
	108.0000		-0.1587		
	109.0000		-0.1578		
	110.0000		-0.1564		
	111.0000		-0.1535		
	112.0000		-0.1503		
	113.0000		-0.1518		
	114.0000		-0.1556		
	115.0000		-0.1501		
	116.0000		-0.1485		
	117.0000		-0.1476		
	118.0000		-0.1458		
	119.0000		-0.1451		
	120.0000		-0.1396		
	121.0000		-0.1443		
	122.0000		-0.1522		
	123.0000		-0.1510		
	124.0000		-0.1527		
	125.0000		-0.1494		
	126.0000		-0.1511		
	127.0000		-0.1522		
	128.0000		-0.1484		
	129.0000		-0.1500		
	130.0000		-0.1436		
	131.0000		-0.1412		
	132.0000		-0.1432		
	133.0000		-0.1471		
	134.0000		-0.1482		
	135.0000		-0.1466		
	136.0000		-0.1497		
	137.0000		-0.1542		
	138.0000		-0.1590		
	139.0000		-0.1564		
	140.0000		-0.1557		
	141.0000		-0.1614		
	142.0000		-0.1651		
	143.0000		-0.1582		
	144.0000		-0.1499		
	145.0000		-0.1506		
	146.0000		-0.1516		
	147.0000		-0.1491		
	148.0000		-0.1457		
	149.0000		-0.1466		
	150.0000		-0.1453		
	151.0000		-0.1462		
	152.0000		-0.1468		
	153.0000		-0.1440		
	154.0000		-0.1388		
	155.0000		-0.1351		
	156.0000		-0.1346		
	157.0000		-0.1370		
	158.0000		-0.1423		
	159.0000		-0.1488		
	160.0000		-0.1507		
	161.0000		-0.1457		
	162.0000		-0.1402		
	163.0000		-0.1419		
	164.0000		-0.1435		
	165.0000		-0.1475		
	166.0000		-0.1522		
	167.0000		-0.1562		
	168.0000		-0.1577		
	169.0000		-0.1570		
	170.0000		-0.1484		
	171.0000		-0.1521		
	172.0000		-0.1586		
	173.0000		-0.1546		
	174.0000		-0.1511		
	175.0000		-0.1482		
	176.0000		-0.1452		
	177.0000		-0.1425		
	178.0000		-0.1427		
	179.0000		-0.1406		
	180.0000		-0.1424		
	181.0000		-0.1456		
	182.0000		-0.1484		
	183.0000		-0.1462		
	184.0000		-0.1423		
	185.0000		-0.1432		
	186.0000		-0.1432		
	187.0000		-0.1447		
	188.0000		-0.1463		
	189.0000		-0.1439		
	190.0000		-0.1453		
	191.0000		-0.1455		
	192.0000		-0.1467		
	193.0000		-0.1459		
	194.0000		-0.1426		
	195.0000		-0.1388		
	196.0000		-0.1358		
	197.0000		-0.1382		
	198.0000		-0.1366		
	199.0000		-0.1362		
	200.0000		-0.1378		
	201.0000		-0.1351		
	202.0000		-0.1460		
	203.0000		-0.1500		
	204.0000		-0.1485		
	205.0000		-0.1534		
	206.0000		-0.1476		
	207.0000		-0.1485		
	208.0000		-0.1434		
	209.0000		-0.1433		
	210.0000		-0.1501		
	211.0000		-0.1519		
	212.0000		-0.1528		
	213.0000		-0.1417		
	214.0000		-0.1485		
	215.0000		-0.1479		
	216.0000		-0.1462		
	217.0000		-0.1455		
	218.0000		-0.1486		
	219.0000		-0.1442		
	220.0000		-0.1492		
	221.0000		-0.1573		
	222.0000		-0.1579		
	223.0000		-0.1567		
	224.0000		-0.1485		
	225.0000		-0.1532		
	226.0000		-0.1527		
	227.0000		-0.1540		
	228.0000		-0.1508		
	229.0000		-0.1524		
	230.0000		-0.1590		
	231.0000		-0.1549		
	232.0000		-0.1561		
	233.0000		-0.1554		
	234.0000		-0.1549		
	235.0000		-0.1506		
	236.0000		-0.1518		
	237.0000		-0.1476		
	238.0000		-0.1497		
	239.0000		-0.1528		
	240.0000		-0.1485		
	241.0000		-0.1522		
	242.0000		-0.1559		
	243.0000		-0.1520		
	244.0000		-0.1547		
	245.0000		-0.1531		
	246.0000		-0.1506		
	247.0000		-0.1501		
	248.0000		-0.1459		
	249.0000		-0.1413		
	250.0000		-0.1474		
	251.0000		-0.1519		
	252.0000		-0.1451		
	253.0000		-0.1478		
	254.0000		-0.1483		
	255.0000		-0.1475		
	256.0000		-0.1500		
	257.0000		-0.1485		
	258.0000		-0.1482		
	259.0000		-0.1550		
	260.0000		-0.1563		
	261.0000		-0.1541		
	262.0000		-0.1516		
	263.0000		-0.1527		
	264.0000		-0.1533		
	265.0000		-0.1531		
	266.0000		-0.1500		
	267.0000		-0.1492		
	268.0000		-0.1558		
	269.0000		-0.1594		
	270.0000		-0.1591		
	271.0000		-0.1650		
	272.0000		-0.1644		
	273.0000		-0.1604		
	274.0000		-0.1598		
	275.0000		-0.1571		
	276.0000		-0.1519		
	277.0000		-0.1552		
	278.0000		-0.1565		
	279.0000		-0.1594		
	280.0000		-0.1547		
	281.0000		-0.1496		
	282.0000		-0.1496		
	283.0000		-0.1490		
	284.0000		-0.1469		
	285.0000		-0.1488		
	286.0000		-0.1506		
	287.0000		-0.1447		
	288.0000		-0.1403		
	289.0000		-0.1395		
	290.0000		-0.1366		
	291.0000		-0.1356		
	292.0000		-0.1345		
	293.0000		-0.1360		
	294.0000		-0.1414		
	295.0000		-0.1430		
	296.0000		-0.1484		
	297.0000		-0.1511		
	298.0000		-0.1503		
	299.0000		-0.1508		
	300.0000		-0.1472		
	301.0000		-0.1454		
	302.0000		-0.1416		
	303.0000		-0.1395		
	304.0000		-0.1397		
	305.0000		-0.1393		
	306.0000		-0.1418		
	307.0000		-0.1361		
	308.0000		-0.1347		
	309.0000		-0.1389		
	310.0000		-0.1451		
	311.0000		-0.1433		
	312.0000		-0.1423		
	313.0000		-0.1429		
	314.0000		-0.1419		
	315.0000		-0.1500		
	316.0000		-0.1505		
	317.0000		-0.1489		
	318.0000		-0.1534		
	319.0000		-0.1521		
	320.0000		-0.1470		
	321.0000		-0.1414		
	322.0000		-0.1384		
	323.0000		-0.1380		
	324.0000		-0.1400		
	325.0000		-0.1448		
	326.0000		-0.1487		
	327.0000		-0.1502		
	328.0000		-0.1555		
	329.0000		-0.1564		
	330.0000		-0.1553		
	331.0000		-0.1552		
	332.0000		-0.1493		
	333.0000		-0.1512		
	334.0000		-0.1528		
	335.0000		-0.1558		
	336.0000		-0.1510		
	337.0000		-0.1503		
	338.0000		-0.1569		
	339.0000		-0.1614		
	340.0000		-0.1554		
	341.0000		-0.1519		
	342.0000		-0.1510		
	343.0000		-0.1473		
	344.0000		-0.1473		
	345.0000		-0.1459		
	346.0000		-0.1460		
	347.0000		-0.1473		
	348.0000		-0.1462		
	349.0000		-0.1453		
	350.0000		-0.1491		
	351.0000		-0.1493		
	352.0000		-0.1464		
	353.0000		-0.1417		
	354.0000		-0.1446		
	355.0000		-0.1488		
	356.0000		-0.1458		
	357.0000		-0.1490		
	358.0000		-0.1502		
	359.0000		-0.1550		
	360.0000		-0.1549		
	361.0000		-0.1539		
	362.0000		-0.1539		
	363.0000		-0.1446		
	364.0000		-0.1446		
	365.0000		-0.1536		
	366.0000		-0.1521		
	367.0000		-0.1532		
	368.0000		-0.1542		
	369.0000		-0.1510		
	370.0000		-0.1537		
	371.0000		-0.1453		
	372.0000		-0.1437		
	373.0000		-0.1456		
	374.0000		-0.1410		
	375.0000		-0.1367		
	376.0000		-0.1345		
	377.0000		-0.1365		
	378.0000		-0.1433		
	379.0000		-0.1483		
	380.0000		-0.1521		
	381.0000		-0.1510		
	382.0000		-0.1462		
	383.0000		-0.1434		
	384.0000		-0.1417		
	385.0000		-0.1439		
	386.0000		-0.1446		
	387.0000		-0.1436		
	388.0000		-0.1458		
	389.0000		-0.1549		
	390.0000		-0.1560		
	391.0000		-0.1573		
	392.0000		-0.1591		
	393.0000		-0.1632		
	394.0000		-0.1671		
	395.0000		-0.1640		
	396.0000		-0.1567		
	397.0000		-0.1580		
	398.0000		-0.1544		
	399.0000		-0.1588		
	400.0000		-0.1564		
	401.0000		-0.1585		
	402.0000		-0.1561		
	403.0000		-0.1549		
	404.0000		-0.1551		
	405.0000		-0.1546		
	406.0000		-0.1582		
	407.0000		-0.1562		
	408.0000		-0.1520		
	409.0000		-0.1557		
	410.0000		-0.1599		
	411.0000		-0.1633		
	412.0000		-0.1601		
	413.0000		-0.1599		
	414.0000		-0.1608		
	415.0000		-0.1635		
	416.0000		-0.1604		
	417.0000		-0.1568		
	418.0000		-0.1565		
	419.0000		-0.1537		
	420.0000		-0.1562		
	421.0000		-0.1541		
	422.0000		-0.1523		
	423.0000		-0.1491		
	424.0000		-0.1517		
	425.0000		-0.1593		
	426.0000		-0.1545		
	427.0000		-0.1509		
	428.0000		-0.1535		
	429.0000		-0.1524		
	430.0000		-0.1488		
	431.0000		-0.1461		
	432.0000		-0.1422		
	433.0000		-0.1435		
	434.0000		-0.1422		
	435.0000		-0.1337		
	436.0000		-0.1324		
	437.0000		-0.1354		
	438.0000		-0.1356		
	439.0000		-0.1425		
	440.0000		-0.1453		
	441.0000		-0.1462		
	442.0000		-0.1449		
	443.0000		-0.1420		
	444.0000		-0.1413		
	445.0000		-0.1412		
	446.0000		-0.1431		
	447.0000		-0.1468		
	448.0000		-0.1439		
	449.0000		-0.1464		
	450.0000		-0.1510		
	451.0000		-0.1491		
	452.0000		-0.1508		
	453.0000		-0.1561		
	454.0000		-0.1553		
	455.0000		-0.1485		
	456.0000		-0.1482		
	457.0000		-0.1493		
	458.0000		-0.1482		
	459.0000		-0.1459		
	460.0000		-0.1497		
	461.0000		-0.1557		
	462.0000		-0.1549		
	463.0000		-0.1514		
	464.0000		-0.1517		
	465.0000		-0.1480		
	466.0000		-0.1502		
	467.0000		-0.1548		
	468.0000		-0.1538		
	469.0000		-0.1558		
	470.0000		-0.1558		
	471.0000		-0.1535		
	472.0000		-0.1490		
	473.0000		-0.1452		
	474.0000		-0.1412		
	475.0000		-0.1385		
	476.0000		-0.1380		
	477.0000		-0.1352		
	478.0000		-0.1388		
	479.0000		-0.1391		
	480.0000		-0.1419		
	481.0000		-0.1439		
	482.0000		-0.1492		
	483.0000		-0.1518		
	484.0000		-0.1541		
	485.0000		-0.1495		
	486.0000		-0.1471		
	487.0000		-0.1495		
	488.0000		-0.1493		
	489.0000		-0.1477		
	490.0000		-0.1479		
	491.0000		-0.1459		
	492.0000		-0.1510		
	493.0000		-0.1494		
	494.0000		-0.1477		
	495.0000		-0.1514		
	496.0000		-0.1530		
	497.0000		-0.1506		
	498.0000		-0.1555		
	499.0000		-0.1470		
	500.0000		-0.1473		
	501.0000		-0.1517		
	502.0000		-0.1568		
	503.0000		-0.1585		
	504.0000		-0.1585		
	505.0000		-0.1574		
	506.0000		-0.1567		
	507.0000		-0.1570		
	508.0000		-0.1541		
	509.0000		-0.1524		
	510.0000		-0.1507		
	511.0000		-0.1524		
	512.0000		-0.1498		
	513.0000		-0.1475		
	514.0000		-0.1525		
	515.0000		-0.1546		
	516.0000		-0.1529		
	517.0000		-0.1553		
	518.0000		-0.1519		
	519.0000		-0.1544		
	520.0000		-0.1529		
	521.0000		-0.1525		
	522.0000		-0.1458		
	523.0000		-0.1401		
	524.0000		-0.1391		
	525.0000		-0.1485		
	526.0000		-0.1512		
	527.0000		-0.1544		
	528.0000		-0.1527		
	529.0000		-0.1546		
	530.0000		-0.1567		
	531.0000		-0.1530		
	532.0000		-0.1445		
	533.0000		-0.1442		
	534.0000		-0.1405		
	535.0000		-0.1486		
	536.0000		-0.1482		
	537.0000		-0.1460		
	538.0000		-0.1402		
	539.0000		-0.1420		
	540.0000		-0.1454		
	541.0000		-0.1472		
	542.0000		-0.1396		
	543.0000		-0.1360		
	544.0000		-0.1344		
	545.0000		-0.1286		
	546.0000		-0.1270		
	547.0000		-0.1294		
	548.0000		-0.1321		
	549.0000		-0.1313		
	550.0000		-0.1329		
	551.0000		-0.1364		
	552.0000		-0.1358		
	553.0000		-0.1386		
	554.0000		-0.1382		
	555.0000		-0.1443		
	556.0000		-0.1415		
	557.0000		-0.1410		
	558.0000		-0.1400		
	559.0000		-0.1396		
	560.0000		-0.1414		
	561.0000		-0.1388		
	562.0000		-0.1348		
	563.0000		-0.1397		
	564.0000		-0.1445		
	565.0000		-0.1425		
	566.0000		-0.1445		
	567.0000		-0.1478		
	568.0000		-0.1433		
	569.0000		-0.1438		
	570.0000		-0.1421		
	571.0000		-0.1447		
	572.0000		-0.1415		
	573.0000		-0.1457		
	574.0000		-0.1489		
	575.0000		-0.1493		
	576.0000		-0.1524		
	577.0000		-0.1547		
	578.0000		-0.1546		
	579.0000		-0.1469		
	580.0000		-0.1422		
	581.0000		-0.1402		
	582.0000		-0.1373		
	583.0000		-0.1410		
	584.0000		-0.1496		
	585.0000		-0.1474		
	586.0000		-0.1504		
	587.0000		-0.1530		
	588.0000		-0.1475		
	589.0000		-0.1453		
	590.0000		-0.1474		
	591.0000		-0.1484		
	592.0000		-0.1452		
	593.0000		-0.1383		
	594.0000		-0.1329		
	595.0000		-0.1323		
	596.0000		-0.1342		
	597.0000		-0.1421		
	598.0000		-0.1404		
	599.0000		-0.1432		
	600.0000		-0.1435		
	601.0000		-0.1421		
	602.0000		-0.1400		
	603.0000		-0.1437		
	604.0000		-0.1464		
	605.0000		-0.1446		
	606.0000		-0.1449		
	607.0000		-0.1450		
	608.0000		-0.1431		
	609.0000		-0.1400		
	610.0000		-0.1405		
	611.0000		-0.1423		
	612.0000		-0.1433		
	613.0000		-0.1412		
	614.0000		-0.1438		
	615.0000		-0.1478		
	616.0000		-0.1473		
	617.0000		-0.1409		
	618.0000		-0.1405		
	619.0000		-0.1385		
	620.0000		-0.1413		
	621.0000		-0.1445		
	622.0000		-0.1410		
	623.0000		-0.1383		
	624.0000		-0.1349		
	625.0000		-0.1317		
	626.0000		-0.1333		
	627.0000		-0.1356		
	628.0000		-0.1350		
	629.0000		-0.1327		
	630.0000		-0.1410		
	631.0000		-0.1375		
	632.0000		-0.1349		
	633.0000		-0.1390		
	634.0000		-0.1493		
	635.0000		-0.1517		
	636.0000		-0.1502		
	637.0000		-0.1466		
	638.0000		-0.1422		
	639.0000		-0.1389		
	640.0000		-0.1386		
	641.0000		-0.1455		
	642.0000		-0.1477		
	643.0000		-0.1462		
	644.0000		-0.1541		
	645.0000		-0.1525		
	646.0000		-0.1518		
	647.0000		-0.1550		
	648.0000		-0.1547		
	649.0000		-0.1526		
	650.0000		-0.1518		
	651.0000		-0.1489		
	652.0000		-0.1465		
	653.0000		-0.1497		
	654.0000		-0.1521		
	655.0000		-0.1535		
	656.0000		-0.1483		
	657.0000		-0.1462		
	658.0000		-0.1408		
	659.0000		-0.1399		
	660.0000		-0.1327		
	661.0000		-0.1338		
	662.0000		-0.1350		
	663.0000		-0.1384		
	664.0000		-0.1469		
	665.0000		-0.1460		
	666.0000		-0.1508		
	667.0000		-0.1526		
	668.0000		-0.1515		
	669.0000		-0.1539		
	670.0000		-0.1549		
	671.0000		-0.1545		
	672.0000		-0.1529		
	673.0000		-0.1485		
	674.0000		-0.1475		
	675.0000		-0.1406		
	676.0000		-0.1378		
	677.0000		-0.1327		
	678.0000		-0.1285		
	679.0000		-0.1390		
	680.0000		-0.1469		
	681.0000		-0.1428		
	682.0000		-0.1385		
	683.0000		-0.1462		
	684.0000		-0.1495		
	685.0000		-0.1469		
	686.0000		-0.1460		
	687.0000		-0.1395		
	688.0000		-0.1372		
	689.0000		-0.1420		
	690.0000		-0.1477		
	691.0000		-0.1512		
	692.0000		-0.1524		
	693.0000		-0.1492		
	694.0000		-0.1462		
	695.0000		-0.1419		
	696.0000		-0.1426		
	697.0000		-0.1444		
	698.0000		-0.1412		
	699.0000		-0.1385		
	700.0000		-0.1412		
	701.0000		-0.1443		
	702.0000		-0.1496		
	703.0000		-0.1512		
	704.0000		-0.1514		
	705.0000		-0.1468		
	706.0000		-0.1450		
	707.0000		-0.1484		
	708.0000		-0.1514		
	709.0000		-0.1511		
	710.0000		-0.1448		
	711.0000		-0.1410		
	712.0000		-0.1410		
	713.0000		-0.1399		
	714.0000		-0.1418		
	715.0000		-0.1402		
	716.0000		-0.1443		
	717.0000		-0.1492		
	718.0000		-0.1479		
	719.0000		-0.1475		
	720.0000		-0.1472		
	721.0000		-0.1450		
	722.0000		-0.1485		
	723.0000		-0.1507		
	724.0000		-0.1473		
	725.0000		-0.1503		
	726.0000		-0.1492		
	727.0000		-0.1482		
	728.0000		-0.1468		
	729.0000		-0.1510		
	730.0000		-0.1518		
	731.0000		-0.1511		
	732.0000		-0.1467		
	733.0000		-0.1471		
	734.0000		-0.1516		
	735.0000		-0.1577		
	736.0000		-0.1579		
	737.0000		-0.1598		
	738.0000		-0.1510		
	739.0000		-0.1551		
	740.0000		-0.1573		
	741.0000		-0.1555		
	742.0000		-0.1566		
	743.0000		-0.1562		
	744.0000		-0.1579		
	745.0000		-0.1558		
	746.0000		-0.1541		
	747.0000		-0.1467		
	748.0000		-0.1488		
	749.0000		-0.1526		
	750.0000		-0.1498		
	751.0000		-0.1488		
	752.0000		-0.1500		
	753.0000		-0.1602		
	754.0000		-0.1583		
	755.0000		-0.1516		
	756.0000		-0.1451		
	757.0000		-0.1463		
	758.0000		-0.1453		
	759.0000		-0.1471		
	760.0000		-0.1477		
	761.0000		-0.1549		
	762.0000		-0.1490		
	763.0000		-0.1486		
	764.0000		-0.1566		
	765.0000		-0.1596		
	766.0000		-0.1617		
	767.0000		-0.1588		
	768.0000		-0.1572		
	769.0000		-0.1532		
	770.0000		-0.1500		
	771.0000		-0.1442		
	772.0000		-0.1448		
	773.0000		-0.1545		
	774.0000		-0.1561		
	775.0000		-0.1560		
	776.0000		-0.1513		
	777.0000		-0.1467		
	778.0000		-0.1478		
	779.0000		-0.1416		
	780.0000		-0.1437		
	781.0000		-0.1458		
	782.0000		-0.1447		
	783.0000		-0.1481		
	784.0000		-0.1497		
	785.0000		-0.1479		
	786.0000		-0.1495		
	787.0000		-0.1444		
	788.0000		-0.1424		
	789.0000		-0.1477		
	790.0000		-0.1501		
	791.0000		-0.1425		
	792.0000		-0.1441		
	793.0000		-0.1423		
	794.0000		-0.1389		
	795.0000		-0.1373		
	796.0000		-0.1382		
	797.0000		-0.1432		
	798.0000		-0.1462		
	799.0000		-0.1436		
	800.0000		-0.1465		
	801.0000		-0.1425		
	802.0000		-0.1417		
	803.0000		-0.1459		
	804.0000		-0.1498		
	805.0000		-0.1489		
	806.0000		-0.1488		
	807.0000		-0.1460		
	808.0000		-0.1417		
	809.0000		-0.1368		
	810.0000		-0.1396		
	811.0000		-0.1427		
	812.0000		-0.1433		
	813.0000		-0.1408		
	814.0000		-0.1425		
	815.0000		-0.1485		
	816.0000		-0.1485		
	817.0000		-0.1493		
	818.0000		-0.1493		
	819.0000		-0.1490		
	820.0000		-0.1456		
	821.0000		-0.1469		
	822.0000		-0.1500		
	823.0000		-0.1512		
	824.0000		-0.1519		
	825.0000		-0.1487		
	826.0000		-0.1469		
	827.0000		-0.1431		
	828.0000		-0.1423		
	829.0000		-0.1548		
	830.0000		-0.1543		
	831.0000		-0.1544		
	832.0000		-0.1537		
	833.0000		-0.1556		
	834.0000		-0.1532		
	835.0000		-0.1497		
	836.0000		-0.1514		
	837.0000		-0.1504		
	838.0000		-0.1485		
	839.0000		-0.1410		
	840.0000		-0.1396		
	841.0000		-0.1404		
	842.0000		-0.1450		
	843.0000		-0.1482		
	844.0000		-0.1500		
	845.0000		-0.1465		
	846.0000		-0.1484		
	847.0000		-0.1430		
	848.0000		-0.1341		
	849.0000		-0.1364		
	850.0000		-0.1430		
	851.0000		-0.1499		
	852.0000		-0.1482		
	853.0000		-0.1553		
	854.0000		-0.1527		
	855.0000		-0.1484		
	856.0000		-0.1516		
	857.0000		-0.1559		
	858.0000		-0.1591		
	859.0000		-0.1574		
	860.0000		-0.1570		
	861.0000		-0.1551		
	862.0000		-0.1508		
	863.0000		-0.1459		
	864.0000		-0.1440		
	865.0000		-0.1482		
	866.0000		-0.1405		
	867.0000		-0.1401		
	868.0000		-0.1409		
	869.0000		-0.1428		
	870.0000		-0.1424		
	871.0000		-0.1449		
	872.0000		-0.1434		
	873.0000		-0.1460		
	874.0000		-0.1425		
	875.0000		-0.1408		
	876.0000		-0.1454		
	877.0000		-0.1568		
	878.0000		-0.1545		
	879.0000		-0.1452		
	880.0000		-0.1347		
	881.0000		-0.1327		
	882.0000		-0.1327		
	883.0000		-0.1323		
	884.0000		-0.1352		
	885.0000		-0.1363		
	886.0000		-0.1377		
	887.0000		-0.1387		
	888.0000		-0.1461		
	889.0000		-0.1452		
	890.0000		-0.1469		
	891.0000		-0.1473		
	892.0000		-0.1489		
	893.0000		-0.1475		
	894.0000		-0.1476		
	895.0000		-0.1484		
	896.0000		-0.1464		
	897.0000		-0.1462		
	898.0000		-0.1460		
	899.0000		-0.1486		
END
