IGOR
X| Sat Jul 22 18:32:15 2017
X|   0.000000000000 0 X|
X|   0.000000000000 0 X|
X|   0.000000000000 0 X|
X|   0.000000000000 0 X|
X| data_type 	 num_points 	 num_chans 	 shots_per_read 	 reads_per_point 	 num_sweeps
X|      0   			  900   		     1    		   30  		    10     			   1
WAVES	  XDATA  Z1DATA	 
BEGIN
	0.0000		-0.2144		
	1.0000		-0.2102		
	2.0000		-0.2054		
	3.0000		-0.1996		
	4.0000		-0.1935		
	5.0000		-0.1820		
	6.0000		-0.1742		
	7.0000		-0.1698		
	8.0000		-0.1672		
	9.0000		-0.1658		
	10.0000		-0.1668		
	11.0000		-0.1601		
	12.0000		-0.1273		
	13.0000		0.1260		
	14.0000		0.0972		
	15.0000		0.0508		
	16.0000		-0.0015		
	17.0000		-0.0439		
	18.0000		-0.0686		
	19.0000		-0.0876		
	20.0000		-0.1054		
	21.0000		-0.1177		
	22.0000		-0.1281		
	23.0000		-0.1348		
	24.0000		-0.1402		
	25.0000		-0.1411		
	26.0000		-0.1396		
	27.0000		-0.1407		
	28.0000		-0.1446		
	29.0000		-0.1448		
	30.0000		-0.1454		
	31.0000		-0.1432		
	32.0000		-0.1447		
	33.0000		-0.1429		
	34.0000		-0.1395		
	35.0000		-0.1369		
	36.0000		-0.1401		
	37.0000		-0.1377		
	38.0000		-0.1385		
	39.0000		-0.1452		
	40.0000		-0.1488		
	41.0000		-0.1502		
	42.0000		-0.1471		
	43.0000		-0.1471		
	44.0000		-0.1490		
	45.0000		-0.1471		
	46.0000		-0.1450		
	47.0000		-0.1473		
	48.0000		-0.1410		
	49.0000		-0.1425		
	50.0000		-0.1504		
	51.0000		-0.1509		
	52.0000		-0.1532		
	53.0000		-0.1542		
	54.0000		-0.1511		
	55.0000		-0.1570		
	56.0000		-0.1541		
	57.0000		-0.1482		
	58.0000		-0.1479		
	59.0000		-0.1491		
	60.0000		-0.1477		
	61.0000		-0.1373		
	62.0000		-0.1342		
	63.0000		-0.1339		
	64.0000		-0.1344		
	65.0000		-0.1353		
	66.0000		-0.1338		
	67.0000		-0.1331		
	68.0000		-0.1364		
	69.0000		-0.1407		
	70.0000		-0.1443		
	71.0000		-0.1432		
	72.0000		-0.1415		
	73.0000		-0.1427		
	74.0000		-0.1471		
	75.0000		-0.1537		
	76.0000		-0.1525		
	77.0000		-0.1579		
	78.0000		-0.1573		
	79.0000		-0.1504		
	80.0000		-0.1468		
	81.0000		-0.1478		
	82.0000		-0.1459		
	83.0000		-0.1495		
	84.0000		-0.1533		
	85.0000		-0.1456		
	86.0000		-0.1466		
	87.0000		-0.1497		
	88.0000		-0.1509		
	89.0000		-0.1479		
	90.0000		-0.1510		
	91.0000		-0.1519		
	92.0000		-0.1513		
	93.0000		-0.1506		
	94.0000		-0.1535		
	95.0000		-0.1594		
	96.0000		-0.1621		
	97.0000		-0.1533		
	98.0000		-0.1525		
	99.0000		-0.1555		
	100.0000		-0.1514		
	101.0000		-0.1434		
	102.0000		-0.1429		
	103.0000		-0.1439		
	104.0000		-0.1477		
	105.0000		-0.1479		
	106.0000		-0.1410		
	107.0000		-0.1377		
	108.0000		-0.1346		
	109.0000		-0.1374		
	110.0000		-0.1415		
	111.0000		-0.1395		
	112.0000		-0.1364		
	113.0000		-0.1369		
	114.0000		-0.1395		
	115.0000		-0.1411		
	116.0000		-0.1429		
	117.0000		-0.1426		
	118.0000		-0.1444		
	119.0000		-0.1471		
	120.0000		-0.1513		
	121.0000		-0.1568		
	122.0000		-0.1566		
	123.0000		-0.1489		
	124.0000		-0.1465		
	125.0000		-0.1450		
	126.0000		-0.1455		
	127.0000		-0.1469		
	128.0000		-0.1467		
	129.0000		-0.1482		
	130.0000		-0.1467		
	131.0000		-0.1466		
	132.0000		-0.1437		
	133.0000		-0.1374		
	134.0000		-0.1347		
	135.0000		-0.1327		
	136.0000		-0.1382		
	137.0000		-0.1430		
	138.0000		-0.1435		
	139.0000		-0.1412		
	140.0000		-0.1389		
	141.0000		-0.1398		
	142.0000		-0.1449		
	143.0000		-0.1485		
	144.0000		-0.1502		
	145.0000		-0.1529		
	146.0000		-0.1557		
	147.0000		-0.1568		
	148.0000		-0.1582		
	149.0000		-0.1573		
	150.0000		-0.1548		
	151.0000		-0.1564		
	152.0000		-0.1522		
	153.0000		-0.1503		
	154.0000		-0.1486		
	155.0000		-0.1492		
	156.0000		-0.1437		
	157.0000		-0.1449		
	158.0000		-0.1434		
	159.0000		-0.1392		
	160.0000		-0.1423		
	161.0000		-0.1443		
	162.0000		-0.1430		
	163.0000		-0.1372		
	164.0000		-0.1375		
	165.0000		-0.1400		
	166.0000		-0.1403		
	167.0000		-0.1443		
	168.0000		-0.1454		
	169.0000		-0.1450		
	170.0000		-0.1499		
	171.0000		-0.1492		
	172.0000		-0.1497		
	173.0000		-0.1467		
	174.0000		-0.1422		
	175.0000		-0.1443		
	176.0000		-0.1406		
	177.0000		-0.1455		
	178.0000		-0.1523		
	179.0000		-0.1542		
	180.0000		-0.1509		
	181.0000		-0.1560		
	182.0000		-0.1540		
	183.0000		-0.1586		
	184.0000		-0.1576		
	185.0000		-0.1556		
	186.0000		-0.1548		
	187.0000		-0.1566		
	188.0000		-0.1582		
	189.0000		-0.1607		
	190.0000		-0.1602		
	191.0000		-0.1608		
	192.0000		-0.1564		
	193.0000		-0.1568		
	194.0000		-0.1559		
	195.0000		-0.1474		
	196.0000		-0.1429		
	197.0000		-0.1470		
	198.0000		-0.1441		
	199.0000		-0.1478		
	200.0000		-0.1449		
	201.0000		-0.1408		
	202.0000		-0.1395		
	203.0000		-0.1384		
	204.0000		-0.1446		
	205.0000		-0.1408		
	206.0000		-0.1431		
	207.0000		-0.1490		
	208.0000		-0.1477		
	209.0000		-0.1463		
	210.0000		-0.1488		
	211.0000		-0.1552		
	212.0000		-0.1572		
	213.0000		-0.1611		
	214.0000		-0.1660		
	215.0000		-0.1596		
	216.0000		-0.1588		
	217.0000		-0.1647		
	218.0000		-0.1643		
	219.0000		-0.1667		
	220.0000		-0.1601		
	221.0000		-0.1591		
	222.0000		-0.1551		
	223.0000		-0.1510		
	224.0000		-0.1492		
	225.0000		-0.1459		
	226.0000		-0.1388		
	227.0000		-0.1321		
	228.0000		-0.1365		
	229.0000		-0.1414		
	230.0000		-0.1432		
	231.0000		-0.1483		
	232.0000		-0.1549		
	233.0000		-0.1519		
	234.0000		-0.1535		
	235.0000		-0.1538		
	236.0000		-0.1556		
	237.0000		-0.1552		
	238.0000		-0.1557		
	239.0000		-0.1501		
	240.0000		-0.1521		
	241.0000		-0.1535		
	242.0000		-0.1502		
	243.0000		-0.1488		
	244.0000		-0.1439		
	245.0000		-0.1388		
	246.0000		-0.1416		
	247.0000		-0.1457		
	248.0000		-0.1493		
	249.0000		-0.1470		
	250.0000		-0.1426		
	251.0000		-0.1429		
	252.0000		-0.1462		
	253.0000		-0.1458		
	254.0000		-0.1453		
	255.0000		-0.1397		
	256.0000		-0.1420		
	257.0000		-0.1384		
	258.0000		-0.1420		
	259.0000		-0.1414		
	260.0000		-0.1360		
	261.0000		-0.1398		
	262.0000		-0.1411		
	263.0000		-0.1406		
	264.0000		-0.1384		
	265.0000		-0.1424		
	266.0000		-0.1422		
	267.0000		-0.1448		
	268.0000		-0.1457		
	269.0000		-0.1479		
	270.0000		-0.1521		
	271.0000		-0.1553		
	272.0000		-0.1554		
	273.0000		-0.1591		
	274.0000		-0.1582		
	275.0000		-0.1618		
	276.0000		-0.1582		
	277.0000		-0.1562		
	278.0000		-0.1495		
	279.0000		-0.1464		
	280.0000		-0.1473		
	281.0000		-0.1528		
	282.0000		-0.1514		
	283.0000		-0.1515		
	284.0000		-0.1506		
	285.0000		-0.1465		
	286.0000		-0.1474		
	287.0000		-0.1504		
	288.0000		-0.1460		
	289.0000		-0.1468		
	290.0000		-0.1471		
	291.0000		-0.1429		
	292.0000		-0.1475		
	293.0000		-0.1478		
	294.0000		-0.1442		
	295.0000		-0.1441		
	296.0000		-0.1389		
	297.0000		-0.1404		
	298.0000		-0.1369		
	299.0000		-0.1349		
	300.0000		-0.1402		
	301.0000		-0.1423		
	302.0000		-0.1421		
	303.0000		-0.1482		
	304.0000		-0.1541		
	305.0000		-0.1551		
	306.0000		-0.1511		
	307.0000		-0.1471		
	308.0000		-0.1452		
	309.0000		-0.1467		
	310.0000		-0.1459		
	311.0000		-0.1498		
	312.0000		-0.1528		
	313.0000		-0.1520		
	314.0000		-0.1509		
	315.0000		-0.1526		
	316.0000		-0.1576		
	317.0000		-0.1547		
	318.0000		-0.1550		
	319.0000		-0.1585		
	320.0000		-0.1559		
	321.0000		-0.1544		
	322.0000		-0.1496		
	323.0000		-0.1509		
	324.0000		-0.1488		
	325.0000		-0.1420		
	326.0000		-0.1410		
	327.0000		-0.1373		
	328.0000		-0.1330		
	329.0000		-0.1309		
	330.0000		-0.1280		
	331.0000		-0.1328		
	332.0000		-0.1425		
	333.0000		-0.1412		
	334.0000		-0.1413		
	335.0000		-0.1368		
	336.0000		-0.1366		
	337.0000		-0.1397		
	338.0000		-0.1414		
	339.0000		-0.1335		
	340.0000		-0.1353		
	341.0000		-0.1355		
	342.0000		-0.1377		
	343.0000		-0.1456		
	344.0000		-0.1518		
	345.0000		-0.1468		
	346.0000		-0.1519		
	347.0000		-0.1555		
	348.0000		-0.1511		
	349.0000		-0.1507		
	350.0000		-0.1488		
	351.0000		-0.1483		
	352.0000		-0.1491		
	353.0000		-0.1500		
	354.0000		-0.1462		
	355.0000		-0.1445		
	356.0000		-0.1461		
	357.0000		-0.1460		
	358.0000		-0.1505		
	359.0000		-0.1484		
	360.0000		-0.1519		
	361.0000		-0.1512		
	362.0000		-0.1520		
	363.0000		-0.1482		
	364.0000		-0.1432		
	365.0000		-0.1370		
	366.0000		-0.1387		
	367.0000		-0.1401		
	368.0000		-0.1428		
	369.0000		-0.1487		
	370.0000		-0.1480		
	371.0000		-0.1468		
	372.0000		-0.1497		
	373.0000		-0.1514		
	374.0000		-0.1497		
	375.0000		-0.1495		
	376.0000		-0.1445		
	377.0000		-0.1445		
	378.0000		-0.1470		
	379.0000		-0.1472		
	380.0000		-0.1469		
	381.0000		-0.1461		
	382.0000		-0.1464		
	383.0000		-0.1480		
	384.0000		-0.1515		
	385.0000		-0.1524		
	386.0000		-0.1510		
	387.0000		-0.1466		
	388.0000		-0.1439		
	389.0000		-0.1451		
	390.0000		-0.1418		
	391.0000		-0.1465		
	392.0000		-0.1539		
	393.0000		-0.1492		
	394.0000		-0.1479		
	395.0000		-0.1476		
	396.0000		-0.1477		
	397.0000		-0.1504		
	398.0000		-0.1546		
	399.0000		-0.1494		
	400.0000		-0.1473		
	401.0000		-0.1499		
	402.0000		-0.1523		
	403.0000		-0.1556		
	404.0000		-0.1580		
	405.0000		-0.1545		
	406.0000		-0.1486		
	407.0000		-0.1526		
	408.0000		-0.1507		
	409.0000		-0.1506		
	410.0000		-0.1537		
	411.0000		-0.1488		
	412.0000		-0.1496		
	413.0000		-0.1521		
	414.0000		-0.1532		
	415.0000		-0.1555		
	416.0000		-0.1570		
	417.0000		-0.1540		
	418.0000		-0.1510		
	419.0000		-0.1522		
	420.0000		-0.1511		
	421.0000		-0.1566		
	422.0000		-0.1576		
	423.0000		-0.1616		
	424.0000		-0.1588		
	425.0000		-0.1555		
	426.0000		-0.1548		
	427.0000		-0.1573		
	428.0000		-0.1619		
	429.0000		-0.1602		
	430.0000		-0.1580		
	431.0000		-0.1522		
	432.0000		-0.1567		
	433.0000		-0.1536		
	434.0000		-0.1503		
	435.0000		-0.1460		
	436.0000		-0.1451		
	437.0000		-0.1400		
	438.0000		-0.1399		
	439.0000		-0.1414		
	440.0000		-0.1475		
	441.0000		-0.1501		
	442.0000		-0.1520		
	443.0000		-0.1524		
	444.0000		-0.1518		
	445.0000		-0.1496		
	446.0000		-0.1540		
	447.0000		-0.1560		
	448.0000		-0.1572		
	449.0000		-0.1585		
	450.0000		-0.1597		
	451.0000		-0.1648		
	452.0000		-0.1632		
	453.0000		-0.1611		
	454.0000		-0.1646		
	455.0000		-0.1641		
	456.0000		-0.1637		
	457.0000		-0.1629		
	458.0000		-0.1625		
	459.0000		-0.1620		
	460.0000		-0.1573		
	461.0000		-0.1520		
	462.0000		-0.1541		
	463.0000		-0.1504		
	464.0000		-0.1447		
	465.0000		-0.1441		
	466.0000		-0.1455		
	467.0000		-0.1474		
	468.0000		-0.1532		
	469.0000		-0.1500		
	470.0000		-0.1480		
	471.0000		-0.1482		
	472.0000		-0.1455		
	473.0000		-0.1479		
	474.0000		-0.1477		
	475.0000		-0.1460		
	476.0000		-0.1510		
	477.0000		-0.1492		
	478.0000		-0.1466		
	479.0000		-0.1479		
	480.0000		-0.1514		
	481.0000		-0.1479		
	482.0000		-0.1441		
	483.0000		-0.1421		
	484.0000		-0.1380		
	485.0000		-0.1372		
	486.0000		-0.1366		
	487.0000		-0.1344		
	488.0000		-0.1375		
	489.0000		-0.1356		
	490.0000		-0.1382		
	491.0000		-0.1352		
	492.0000		-0.1277		
	493.0000		-0.1349		
	494.0000		-0.1317		
	495.0000		-0.1324		
	496.0000		-0.1383		
	497.0000		-0.1453		
	498.0000		-0.1446		
	499.0000		-0.1379		
	500.0000		-0.1430		
	501.0000		-0.1453		
	502.0000		-0.1478		
	503.0000		-0.1496		
	504.0000		-0.1451		
	505.0000		-0.1494		
	506.0000		-0.1518		
	507.0000		-0.1480		
	508.0000		-0.1426		
	509.0000		-0.1460		
	510.0000		-0.1496		
	511.0000		-0.1478		
	512.0000		-0.1457		
	513.0000		-0.1418		
	514.0000		-0.1397		
	515.0000		-0.1447		
	516.0000		-0.1452		
	517.0000		-0.1499		
	518.0000		-0.1439		
	519.0000		-0.1463		
	520.0000		-0.1491		
	521.0000		-0.1463		
	522.0000		-0.1398		
	523.0000		-0.1467		
	524.0000		-0.1478		
	525.0000		-0.1462		
	526.0000		-0.1475		
	527.0000		-0.1432		
	528.0000		-0.1429		
	529.0000		-0.1470		
	530.0000		-0.1495		
	531.0000		-0.1473		
	532.0000		-0.1431		
	533.0000		-0.1461		
	534.0000		-0.1550		
	535.0000		-0.1524		
	536.0000		-0.1551		
	537.0000		-0.1580		
	538.0000		-0.1556		
	539.0000		-0.1516		
	540.0000		-0.1500		
	541.0000		-0.1435		
	542.0000		-0.1415		
	543.0000		-0.1422		
	544.0000		-0.1444		
	545.0000		-0.1427		
	546.0000		-0.1460		
	547.0000		-0.1519		
	548.0000		-0.1536		
	549.0000		-0.1490		
	550.0000		-0.1447		
	551.0000		-0.1458		
	552.0000		-0.1444		
	553.0000		-0.1486		
	554.0000		-0.1497		
	555.0000		-0.1526		
	556.0000		-0.1593		
	557.0000		-0.1623		
	558.0000		-0.1655		
	559.0000		-0.1662		
	560.0000		-0.1626		
	561.0000		-0.1597		
	562.0000		-0.1570		
	563.0000		-0.1546		
	564.0000		-0.1505		
	565.0000		-0.1439		
	566.0000		-0.1469		
	567.0000		-0.1525		
	568.0000		-0.1498		
	569.0000		-0.1471		
	570.0000		-0.1503		
	571.0000		-0.1477		
	572.0000		-0.1484		
	573.0000		-0.1471		
	574.0000		-0.1438		
	575.0000		-0.1391		
	576.0000		-0.1360		
	577.0000		-0.1336		
	578.0000		-0.1397		
	579.0000		-0.1378		
	580.0000		-0.1408		
	581.0000		-0.1445		
	582.0000		-0.1442		
	583.0000		-0.1426		
	584.0000		-0.1453		
	585.0000		-0.1440		
	586.0000		-0.1419		
	587.0000		-0.1428		
	588.0000		-0.1442		
	589.0000		-0.1462		
	590.0000		-0.1460		
	591.0000		-0.1462		
	592.0000		-0.1517		
	593.0000		-0.1567		
	594.0000		-0.1532		
	595.0000		-0.1544		
	596.0000		-0.1569		
	597.0000		-0.1561		
	598.0000		-0.1546		
	599.0000		-0.1558		
	600.0000		-0.1588		
	601.0000		-0.1603		
	602.0000		-0.1633		
	603.0000		-0.1552		
	604.0000		-0.1535		
	605.0000		-0.1528		
	606.0000		-0.1502		
	607.0000		-0.1452		
	608.0000		-0.1378		
	609.0000		-0.1382		
	610.0000		-0.1358		
	611.0000		-0.1365		
	612.0000		-0.1336		
	613.0000		-0.1407		
	614.0000		-0.1367		
	615.0000		-0.1333		
	616.0000		-0.1368		
	617.0000		-0.1319		
	618.0000		-0.1383		
	619.0000		-0.1383		
	620.0000		-0.1349		
	621.0000		-0.1437		
	622.0000		-0.1508		
	623.0000		-0.1569		
	624.0000		-0.1563		
	625.0000		-0.1574		
	626.0000		-0.1562		
	627.0000		-0.1519		
	628.0000		-0.1476		
	629.0000		-0.1415		
	630.0000		-0.1451		
	631.0000		-0.1439		
	632.0000		-0.1401		
	633.0000		-0.1371		
	634.0000		-0.1330		
	635.0000		-0.1373		
	636.0000		-0.1405		
	637.0000		-0.1475		
	638.0000		-0.1515		
	639.0000		-0.1527		
	640.0000		-0.1501		
	641.0000		-0.1521		
	642.0000		-0.1489		
	643.0000		-0.1471		
	644.0000		-0.1474		
	645.0000		-0.1516		
	646.0000		-0.1484		
	647.0000		-0.1488		
	648.0000		-0.1479		
	649.0000		-0.1501		
	650.0000		-0.1465		
	651.0000		-0.1505		
	652.0000		-0.1494		
	653.0000		-0.1478		
	654.0000		-0.1460		
	655.0000		-0.1525		
	656.0000		-0.1463		
	657.0000		-0.1419		
	658.0000		-0.1464		
	659.0000		-0.1509		
	660.0000		-0.1594		
	661.0000		-0.1645		
	662.0000		-0.1647		
	663.0000		-0.1648		
	664.0000		-0.1581		
	665.0000		-0.1528		
	666.0000		-0.1480		
	667.0000		-0.1510		
	668.0000		-0.1546		
	669.0000		-0.1577		
	670.0000		-0.1636		
	671.0000		-0.1669		
	672.0000		-0.1645		
	673.0000		-0.1634		
	674.0000		-0.1586		
	675.0000		-0.1532		
	676.0000		-0.1529		
	677.0000		-0.1492		
	678.0000		-0.1478		
	679.0000		-0.1514		
	680.0000		-0.1510		
	681.0000		-0.1497		
	682.0000		-0.1498		
	683.0000		-0.1554		
	684.0000		-0.1493		
	685.0000		-0.1478		
	686.0000		-0.1474		
	687.0000		-0.1479		
	688.0000		-0.1506		
	689.0000		-0.1521		
	690.0000		-0.1546		
	691.0000		-0.1494		
	692.0000		-0.1406		
	693.0000		-0.1357		
	694.0000		-0.1418		
	695.0000		-0.1444		
	696.0000		-0.1445		
	697.0000		-0.1415		
	698.0000		-0.1398		
	699.0000		-0.1380		
	700.0000		-0.1467		
	701.0000		-0.1466		
	702.0000		-0.1444		
	703.0000		-0.1505		
	704.0000		-0.1512		
	705.0000		-0.1494		
	706.0000		-0.1462		
	707.0000		-0.1522		
	708.0000		-0.1505		
	709.0000		-0.1508		
	710.0000		-0.1540		
	711.0000		-0.1559		
	712.0000		-0.1581		
	713.0000		-0.1535		
	714.0000		-0.1493		
	715.0000		-0.1471		
	716.0000		-0.1484		
	717.0000		-0.1477		
	718.0000		-0.1462		
	719.0000		-0.1410		
	720.0000		-0.1388		
	721.0000		-0.1360		
	722.0000		-0.1415		
	723.0000		-0.1455		
	724.0000		-0.1488		
	725.0000		-0.1467		
	726.0000		-0.1503		
	727.0000		-0.1473		
	728.0000		-0.1425		
	729.0000		-0.1471		
	730.0000		-0.1471		
	731.0000		-0.1511		
	732.0000		-0.1512		
	733.0000		-0.1493		
	734.0000		-0.1476		
	735.0000		-0.1471		
	736.0000		-0.1503		
	737.0000		-0.1511		
	738.0000		-0.1449		
	739.0000		-0.1408		
	740.0000		-0.1405		
	741.0000		-0.1435		
	742.0000		-0.1475		
	743.0000		-0.1500		
	744.0000		-0.1441		
	745.0000		-0.1397		
	746.0000		-0.1462		
	747.0000		-0.1503		
	748.0000		-0.1566		
	749.0000		-0.1538		
	750.0000		-0.1449		
	751.0000		-0.1445		
	752.0000		-0.1508		
	753.0000		-0.1440		
	754.0000		-0.1442		
	755.0000		-0.1482		
	756.0000		-0.1492		
	757.0000		-0.1454		
	758.0000		-0.1459		
	759.0000		-0.1469		
	760.0000		-0.1465		
	761.0000		-0.1474		
	762.0000		-0.1472		
	763.0000		-0.1474		
	764.0000		-0.1502		
	765.0000		-0.1457		
	766.0000		-0.1464		
	767.0000		-0.1488		
	768.0000		-0.1468		
	769.0000		-0.1471		
	770.0000		-0.1438		
	771.0000		-0.1401		
	772.0000		-0.1440		
	773.0000		-0.1445		
	774.0000		-0.1418		
	775.0000		-0.1413		
	776.0000		-0.1486		
	777.0000		-0.1465		
	778.0000		-0.1403		
	779.0000		-0.1387		
	780.0000		-0.1393		
	781.0000		-0.1410		
	782.0000		-0.1431		
	783.0000		-0.1449		
	784.0000		-0.1510		
	785.0000		-0.1425		
	786.0000		-0.1372		
	787.0000		-0.1352		
	788.0000		-0.1379		
	789.0000		-0.1395		
	790.0000		-0.1399		
	791.0000		-0.1413		
	792.0000		-0.1427		
	793.0000		-0.1473		
	794.0000		-0.1502		
	795.0000		-0.1547		
	796.0000		-0.1518		
	797.0000		-0.1493		
	798.0000		-0.1509		
	799.0000		-0.1550		
	800.0000		-0.1553		
	801.0000		-0.1544		
	802.0000		-0.1523		
	803.0000		-0.1540		
	804.0000		-0.1470		
	805.0000		-0.1392		
	806.0000		-0.1450		
	807.0000		-0.1535		
	808.0000		-0.1498		
	809.0000		-0.1503		
	810.0000		-0.1484		
	811.0000		-0.1529		
	812.0000		-0.1556		
	813.0000		-0.1561		
	814.0000		-0.1490		
	815.0000		-0.1466		
	816.0000		-0.1453		
	817.0000		-0.1432		
	818.0000		-0.1435		
	819.0000		-0.1452		
	820.0000		-0.1466		
	821.0000		-0.1518		
	822.0000		-0.1468		
	823.0000		-0.1491		
	824.0000		-0.1492		
	825.0000		-0.1552		
	826.0000		-0.1585		
	827.0000		-0.1597		
	828.0000		-0.1544		
	829.0000		-0.1493		
	830.0000		-0.1451		
	831.0000		-0.1482		
	832.0000		-0.1504		
	833.0000		-0.1473		
	834.0000		-0.1504		
	835.0000		-0.1472		
	836.0000		-0.1419		
	837.0000		-0.1433		
	838.0000		-0.1444		
	839.0000		-0.1531		
	840.0000		-0.1544		
	841.0000		-0.1521		
	842.0000		-0.1508		
	843.0000		-0.1466		
	844.0000		-0.1454		
	845.0000		-0.1421		
	846.0000		-0.1351		
	847.0000		-0.1348		
	848.0000		-0.1387		
	849.0000		-0.1433		
	850.0000		-0.1485		
	851.0000		-0.1481		
	852.0000		-0.1482		
	853.0000		-0.1511		
	854.0000		-0.1526		
	855.0000		-0.1538		
	856.0000		-0.1464		
	857.0000		-0.1466		
	858.0000		-0.1504		
	859.0000		-0.1545		
	860.0000		-0.1521		
	861.0000		-0.1489		
	862.0000		-0.1478		
	863.0000		-0.1521		
	864.0000		-0.1514		
	865.0000		-0.1490		
	866.0000		-0.1486		
	867.0000		-0.1483		
	868.0000		-0.1466		
	869.0000		-0.1438		
	870.0000		-0.1429		
	871.0000		-0.1461		
	872.0000		-0.1435		
	873.0000		-0.1408		
	874.0000		-0.1380		
	875.0000		-0.1383		
	876.0000		-0.1349		
	877.0000		-0.1385		
	878.0000		-0.1398		
	879.0000		-0.1369		
	880.0000		-0.1360		
	881.0000		-0.1305		
	882.0000		-0.1339		
	883.0000		-0.1322		
	884.0000		-0.1387		
	885.0000		-0.1395		
	886.0000		-0.1438		
	887.0000		-0.1435		
	888.0000		-0.1436		
	889.0000		-0.1451		
	890.0000		-0.1419		
	891.0000		-0.1437		
	892.0000		-0.1457		
	893.0000		-0.1410		
	894.0000		-0.1373		
	895.0000		-0.1368		
	896.0000		-0.1403		
	897.0000		-0.1374		
	898.0000		-0.1391		
	899.0000		-0.1433		
END
