IGOR
X| Sun Jul 09 19:38:58 2017
X|   0.000000000000 0 X|
X|   0.000000000000 0 X|
X|   0.000000000000 0 X|
X|   0.000000000000 0 X|
X| data_type 	 num_points 	 num_chans 	 shots_per_read 	 reads_per_point 	 num_sweeps
X|      0   			  900   		     1    		   30  		    10     			   1
WAVES	  XDATA  Z1DATA	 
BEGIN
	0.0000		-0.1406		
	1.0000		-0.1379		
	2.0000		-0.1331		
	3.0000		-0.1314		
	4.0000		-0.1306		
	5.0000		-0.1288		
	6.0000		-0.1235		
	7.0000		-0.1204		
	8.0000		-0.1227		
	9.0000		-0.1210		
	10.0000		-0.1200		
	11.0000		-0.1179		
	12.0000		-0.1158		
	13.0000		-0.1020		
	14.0000		-0.0945		
	15.0000		-0.0988		
	16.0000		-0.1008		
	17.0000		-0.1056		
	18.0000		-0.1097		
	19.0000		-0.1135		
	20.0000		-0.1150		
	21.0000		-0.1158		
	22.0000		-0.1149		
	23.0000		-0.1158		
	24.0000		-0.1117		
	25.0000		-0.1102		
	26.0000		-0.1112		
	27.0000		-0.1120		
	28.0000		-0.1132		
	29.0000		-0.1110		
	30.0000		-0.1123		
	31.0000		-0.1154		
	32.0000		-0.1154		
	33.0000		-0.1168		
	34.0000		-0.1170		
	35.0000		-0.1167		
	36.0000		-0.1124		
	37.0000		-0.1112		
	38.0000		-0.1118		
	39.0000		-0.1104		
	40.0000		-0.1110		
	41.0000		-0.1112		
	42.0000		-0.1088		
	43.0000		-0.1096		
	44.0000		-0.1058		
	45.0000		-0.1044		
	46.0000		-0.1047		
	47.0000		-0.1068		
	48.0000		-0.1058		
	49.0000		-0.1073		
	50.0000		-0.1072		
	51.0000		-0.1100		
	52.0000		-0.1119		
	53.0000		-0.1116		
	54.0000		-0.1135		
	55.0000		-0.1154		
	56.0000		-0.1150		
	57.0000		-0.1123		
	58.0000		-0.1102		
	59.0000		-0.1106		
	60.0000		-0.1082		
	61.0000		-0.1070		
	62.0000		-0.1082		
	63.0000		-0.1079		
	64.0000		-0.1069		
	65.0000		-0.1066		
	66.0000		-0.1056		
	67.0000		-0.1066		
	68.0000		-0.1054		
	69.0000		-0.1051		
	70.0000		-0.1066		
	71.0000		-0.1070		
	72.0000		-0.1069		
	73.0000		-0.1088		
	74.0000		-0.1074		
	75.0000		-0.1108		
	76.0000		-0.1105		
	77.0000		-0.1103		
	78.0000		-0.1088		
	79.0000		-0.1076		
	80.0000		-0.1099		
	81.0000		-0.1108		
	82.0000		-0.1094		
	83.0000		-0.1062		
	84.0000		-0.1032		
	85.0000		-0.1010		
	86.0000		-0.1018		
	87.0000		-0.1020		
	88.0000		-0.1020		
	89.0000		-0.1023		
	90.0000		-0.1044		
	91.0000		-0.1050		
	92.0000		-0.1049		
	93.0000		-0.1026		
	94.0000		-0.1038		
	95.0000		-0.1062		
	96.0000		-0.1031		
	97.0000		-0.1031		
	98.0000		-0.1070		
	99.0000		-0.1085		
	100.0000		-0.1068		
	101.0000		-0.1069		
	102.0000		-0.1079		
	103.0000		-0.1064		
	104.0000		-0.1062		
	105.0000		-0.1054		
	106.0000		-0.1054		
	107.0000		-0.1058		
	108.0000		-0.1066		
	109.0000		-0.1070		
	110.0000		-0.1070		
	111.0000		-0.1056		
	112.0000		-0.1050		
	113.0000		-0.1052		
	114.0000		-0.1062		
	115.0000		-0.1044		
	116.0000		-0.1035		
	117.0000		-0.1044		
	118.0000		-0.1044		
	119.0000		-0.1056		
	120.0000		-0.1071		
	121.0000		-0.1074		
	122.0000		-0.1056		
	123.0000		-0.1056		
	124.0000		-0.1070		
	125.0000		-0.1082		
	126.0000		-0.1079		
	127.0000		-0.1091		
	128.0000		-0.1100		
	129.0000		-0.1097		
	130.0000		-0.1097		
	131.0000		-0.1106		
	132.0000		-0.1112		
	133.0000		-0.1108		
	134.0000		-0.1097		
	135.0000		-0.1130		
	136.0000		-0.1147		
	137.0000		-0.1132		
	138.0000		-0.1138		
	139.0000		-0.1147		
	140.0000		-0.1117		
	141.0000		-0.1079		
	142.0000		-0.1073		
	143.0000		-0.1073		
	144.0000		-0.1093		
	145.0000		-0.1106		
	146.0000		-0.1097		
	147.0000		-0.1068		
	148.0000		-0.1070		
	149.0000		-0.1086		
	150.0000		-0.1106		
	151.0000		-0.1088		
	152.0000		-0.1076		
	153.0000		-0.1073		
	154.0000		-0.1085		
	155.0000		-0.1088		
	156.0000		-0.1085		
	157.0000		-0.1067		
	158.0000		-0.1079		
	159.0000		-0.1105		
	160.0000		-0.1085		
	161.0000		-0.1110		
	162.0000		-0.1100		
	163.0000		-0.1100		
	164.0000		-0.1082		
	165.0000		-0.1108		
	166.0000		-0.1107		
	167.0000		-0.1116		
	168.0000		-0.1104		
	169.0000		-0.1104		
	170.0000		-0.1070		
	171.0000		-0.1079		
	172.0000		-0.1091		
	173.0000		-0.1090		
	174.0000		-0.1066		
	175.0000		-0.1053		
	176.0000		-0.1062		
	177.0000		-0.1068		
	178.0000		-0.1066		
	179.0000		-0.1070		
	180.0000		-0.1070		
	181.0000		-0.1088		
	182.0000		-0.1079		
	183.0000		-0.1091		
	184.0000		-0.1114		
	185.0000		-0.1123		
	186.0000		-0.1126		
	187.0000		-0.1112		
	188.0000		-0.1104		
	189.0000		-0.1108		
	190.0000		-0.1144		
	191.0000		-0.1144		
	192.0000		-0.1132		
	193.0000		-0.1126		
	194.0000		-0.1120		
	195.0000		-0.1120		
	196.0000		-0.1118		
	197.0000		-0.1104		
	198.0000		-0.1110		
	199.0000		-0.1109		
	200.0000		-0.1079		
	201.0000		-0.1076		
	202.0000		-0.1073		
	203.0000		-0.1056		
	204.0000		-0.1050		
	205.0000		-0.1066		
	206.0000		-0.1058		
	207.0000		-0.1098		
	208.0000		-0.1090		
	209.0000		-0.1064		
	210.0000		-0.1079		
	211.0000		-0.1108		
	212.0000		-0.1120		
	213.0000		-0.0985		
	214.0000		-0.0888		
	215.0000		-0.0967		
	216.0000		-0.1013		
	217.0000		-0.1044		
	218.0000		-0.1056		
	219.0000		-0.1067		
	220.0000		-0.1076		
	221.0000		-0.1079		
	222.0000		-0.1073		
	223.0000		-0.1097		
	224.0000		-0.1088		
	225.0000		-0.1100		
	226.0000		-0.1094		
	227.0000		-0.1106		
	228.0000		-0.1116		
	229.0000		-0.1120		
	230.0000		-0.1114		
	231.0000		-0.1120		
	232.0000		-0.1147		
	233.0000		-0.1138		
	234.0000		-0.1110		
	235.0000		-0.1112		
	236.0000		-0.1094		
	237.0000		-0.1082		
	238.0000		-0.1076		
	239.0000		-0.1094		
	240.0000		-0.1079		
	241.0000		-0.1076		
	242.0000		-0.1062		
	243.0000		-0.1073		
	244.0000		-0.1073		
	245.0000		-0.1050		
	246.0000		-0.1023		
	247.0000		-0.1032		
	248.0000		-0.1022		
	249.0000		-0.1026		
	250.0000		-0.1068		
	251.0000		-0.1079		
	252.0000		-0.1100		
	253.0000		-0.1068		
	254.0000		-0.1052		
	255.0000		-0.1021		
	256.0000		-0.1035		
	257.0000		-0.1029		
	258.0000		-0.1010		
	259.0000		-0.1002		
	260.0000		-0.1000		
	261.0000		-0.1052		
	262.0000		-0.1088		
	263.0000		-0.1054		
	264.0000		-0.1066		
	265.0000		-0.1066		
	266.0000		-0.1070		
	267.0000		-0.1074		
	268.0000		-0.1104		
	269.0000		-0.1106		
	270.0000		-0.1094		
	271.0000		-0.1058		
	272.0000		-0.1056		
	273.0000		-0.1060		
	274.0000		-0.1070		
	275.0000		-0.1064		
	276.0000		-0.1051		
	277.0000		-0.1038		
	278.0000		-0.1000		
	279.0000		-0.1008		
	280.0000		-0.1018		
	281.0000		-0.0985		
	282.0000		-0.1003		
	283.0000		-0.1006		
	284.0000		-0.1017		
	285.0000		-0.1027		
	286.0000		-0.1056		
	287.0000		-0.1062		
	288.0000		-0.1068		
	289.0000		-0.1062		
	290.0000		-0.1068		
	291.0000		-0.1085		
	292.0000		-0.1076		
	293.0000		-0.1066		
	294.0000		-0.1082		
	295.0000		-0.1102		
	296.0000		-0.1082		
	297.0000		-0.1073		
	298.0000		-0.1073		
	299.0000		-0.1083		
	300.0000		-0.1118		
	301.0000		-0.1112		
	302.0000		-0.1080		
	303.0000		-0.1038		
	304.0000		-0.1053		
	305.0000		-0.1070		
	306.0000		-0.1091		
	307.0000		-0.1073		
	308.0000		-0.1062		
	309.0000		-0.1073		
	310.0000		-0.1066		
	311.0000		-0.1079		
	312.0000		-0.1088		
	313.0000		-0.1091		
	314.0000		-0.1101		
	315.0000		-0.1100		
	316.0000		-0.1096		
	317.0000		-0.1074		
	318.0000		-0.1047		
	319.0000		-0.1061		
	320.0000		-0.1070		
	321.0000		-0.1070		
	322.0000		-0.1090		
	323.0000		-0.1094		
	324.0000		-0.1091		
	325.0000		-0.1088		
	326.0000		-0.1077		
	327.0000		-0.1056		
	328.0000		-0.1068		
	329.0000		-0.1070		
	330.0000		-0.1070		
	331.0000		-0.1066		
	332.0000		-0.1094		
	333.0000		-0.1110		
	334.0000		-0.1120		
	335.0000		-0.1138		
	336.0000		-0.1120		
	337.0000		-0.1120		
	338.0000		-0.1108		
	339.0000		-0.1102		
	340.0000		-0.1104		
	341.0000		-0.1129		
	342.0000		-0.1104		
	343.0000		-0.1073		
	344.0000		-0.1064		
	345.0000		-0.1052		
	346.0000		-0.1064		
	347.0000		-0.1070		
	348.0000		-0.1067		
	349.0000		-0.1066		
	350.0000		-0.1086		
	351.0000		-0.1097		
	352.0000		-0.1071		
	353.0000		-0.1066		
	354.0000		-0.1052		
	355.0000		-0.1064		
	356.0000		-0.1053		
	357.0000		-0.1041		
	358.0000		-0.1020		
	359.0000		-0.1029		
	360.0000		-0.1026		
	361.0000		-0.1016		
	362.0000		-0.1020		
	363.0000		-0.1052		
	364.0000		-0.1058		
	365.0000		-0.1058		
	366.0000		-0.1052		
	367.0000		-0.1049		
	368.0000		-0.1049		
	369.0000		-0.1064		
	370.0000		-0.1085		
	371.0000		-0.1074		
	372.0000		-0.1058		
	373.0000		-0.1062		
	374.0000		-0.1066		
	375.0000		-0.1070		
	376.0000		-0.1046		
	377.0000		-0.1020		
	378.0000		-0.1046		
	379.0000		-0.1058		
	380.0000		-0.1054		
	381.0000		-0.1071		
	382.0000		-0.1091		
	383.0000		-0.1096		
	384.0000		-0.1088		
	385.0000		-0.1108		
	386.0000		-0.1118		
	387.0000		-0.1100		
	388.0000		-0.1108		
	389.0000		-0.1120		
	390.0000		-0.1099		
	391.0000		-0.1091		
	392.0000		-0.1095		
	393.0000		-0.1108		
	394.0000		-0.1118		
	395.0000		-0.1141		
	396.0000		-0.1126		
	397.0000		-0.1104		
	398.0000		-0.1066		
	399.0000		-0.1074		
	400.0000		-0.1070		
	401.0000		-0.1060		
	402.0000		-0.1019		
	403.0000		-0.1038		
	404.0000		-0.1020		
	405.0000		-0.1020		
	406.0000		-0.1033		
	407.0000		-0.1029		
	408.0000		-0.1029		
	409.0000		-0.1036		
	410.0000		-0.1052		
	411.0000		-0.1035		
	412.0000		-0.1026		
	413.0000		-0.1050		
	414.0000		-0.1066		
	415.0000		-0.1076		
	416.0000		-0.1070		
	417.0000		-0.1053		
	418.0000		-0.1060		
	419.0000		-0.1064		
	420.0000		-0.1073		
	421.0000		-0.1064		
	422.0000		-0.1029		
	423.0000		-0.1058		
	424.0000		-0.1052		
	425.0000		-0.1062		
	426.0000		-0.1047		
	427.0000		-0.1051		
	428.0000		-0.1050		
	429.0000		-0.1050		
	430.0000		-0.1062		
	431.0000		-0.1062		
	432.0000		-0.1026		
	433.0000		-0.1041		
	434.0000		-0.1054		
	435.0000		-0.1059		
	436.0000		-0.1038		
	437.0000		-0.1060		
	438.0000		-0.1041		
	439.0000		-0.1052		
	440.0000		-0.1054		
	441.0000		-0.1055		
	442.0000		-0.1012		
	443.0000		-0.1000		
	444.0000		-0.1019		
	445.0000		-0.1032		
	446.0000		-0.1020		
	447.0000		-0.1024		
	448.0000		-0.1018		
	449.0000		-0.1010		
	450.0000		-0.1008		
	451.0000		-0.0988		
	452.0000		-0.0976		
	453.0000		-0.1000		
	454.0000		-0.1020		
	455.0000		-0.1041		
	456.0000		-0.1050		
	457.0000		-0.1062		
	458.0000		-0.1073		
	459.0000		-0.1116		
	460.0000		-0.1138		
	461.0000		-0.1116		
	462.0000		-0.1088		
	463.0000		-0.1056		
	464.0000		-0.1050		
	465.0000		-0.1051		
	466.0000		-0.1074		
	467.0000		-0.1053		
	468.0000		-0.1062		
	469.0000		-0.1057		
	470.0000		-0.1074		
	471.0000		-0.1076		
	472.0000		-0.1076		
	473.0000		-0.1054		
	474.0000		-0.1052		
	475.0000		-0.1058		
	476.0000		-0.1073		
	477.0000		-0.1096		
	478.0000		-0.1091		
	479.0000		-0.1064		
	480.0000		-0.1062		
	481.0000		-0.1052		
	482.0000		-0.1060		
	483.0000		-0.1088		
	484.0000		-0.1068		
	485.0000		-0.1039		
	486.0000		-0.1020		
	487.0000		-0.1032		
	488.0000		-0.1054		
	489.0000		-0.1047		
	490.0000		-0.1029		
	491.0000		-0.1041		
	492.0000		-0.1026		
	493.0000		-0.1020		
	494.0000		-0.1018		
	495.0000		-0.0996		
	496.0000		-0.1000		
	497.0000		-0.1014		
	498.0000		-0.1014		
	499.0000		-0.1035		
	500.0000		-0.1029		
	501.0000		-0.1032		
	502.0000		-0.1018		
	503.0000		-0.1035		
	504.0000		-0.1050		
	505.0000		-0.1041		
	506.0000		-0.1020		
	507.0000		-0.1026		
	508.0000		-0.1069		
	509.0000		-0.1073		
	510.0000		-0.1070		
	511.0000		-0.1070		
	512.0000		-0.1064		
	513.0000		-0.1070		
	514.0000		-0.1079		
	515.0000		-0.1073		
	516.0000		-0.1091		
	517.0000		-0.1094		
	518.0000		-0.1106		
	519.0000		-0.1116		
	520.0000		-0.1132		
	521.0000		-0.1120		
	522.0000		-0.1147		
	523.0000		-0.1138		
	524.0000		-0.1123		
	525.0000		-0.1116		
	526.0000		-0.1097		
	527.0000		-0.1102		
	528.0000		-0.1116		
	529.0000		-0.1087		
	530.0000		-0.1079		
	531.0000		-0.1098		
	532.0000		-0.1116		
	533.0000		-0.1094		
	534.0000		-0.1079		
	535.0000		-0.1108		
	536.0000		-0.1123		
	537.0000		-0.1144		
	538.0000		-0.1135		
	539.0000		-0.1120		
	540.0000		-0.1145		
	541.0000		-0.1175		
	542.0000		-0.1197		
	543.0000		-0.1201		
	544.0000		-0.1191		
	545.0000		-0.1173		
	546.0000		-0.1166		
	547.0000		-0.1154		
	548.0000		-0.1170		
	549.0000		-0.1146		
	550.0000		-0.1132		
	551.0000		-0.1160		
	552.0000		-0.1150		
	553.0000		-0.1123		
	554.0000		-0.1096		
	555.0000		-0.1118		
	556.0000		-0.1120		
	557.0000		-0.1110		
	558.0000		-0.1100		
	559.0000		-0.1094		
	560.0000		-0.1144		
	561.0000		-0.1162		
	562.0000		-0.1159		
	563.0000		-0.1118		
	564.0000		-0.1116		
	565.0000		-0.1132		
	566.0000		-0.1168		
	567.0000		-0.1151		
	568.0000		-0.1129		
	569.0000		-0.1132		
	570.0000		-0.1150		
	571.0000		-0.1141		
	572.0000		-0.1147		
	573.0000		-0.1158		
	574.0000		-0.1158		
	575.0000		-0.1152		
	576.0000		-0.1147		
	577.0000		-0.1160		
	578.0000		-0.1168		
	579.0000		-0.1152		
	580.0000		-0.1166		
	581.0000		-0.1170		
	582.0000		-0.1170		
	583.0000		-0.1160		
	584.0000		-0.1144		
	585.0000		-0.1156		
	586.0000		-0.1158		
	587.0000		-0.1162		
	588.0000		-0.1138		
	589.0000		-0.1173		
	590.0000		-0.1191		
	591.0000		-0.1188		
	592.0000		-0.1208		
	593.0000		-0.1212		
	594.0000		-0.1202		
	595.0000		-0.1194		
	596.0000		-0.1185		
	597.0000		-0.1173		
	598.0000		-0.1176		
	599.0000		-0.1174		
	600.0000		-0.1180		
	601.0000		-0.1179		
	602.0000		-0.1188		
	603.0000		-0.1179		
	604.0000		-0.1170		
	605.0000		-0.1182		
	606.0000		-0.1176		
	607.0000		-0.1179		
	608.0000		-0.1170		
	609.0000		-0.1127		
	610.0000		-0.1164		
	611.0000		-0.1170		
	612.0000		-0.1162		
	613.0000		-0.1168		
	614.0000		-0.1154		
	615.0000		-0.1150		
	616.0000		-0.1168		
	617.0000		-0.1154		
	618.0000		-0.1164		
	619.0000		-0.1170		
	620.0000		-0.1164		
	621.0000		-0.1156		
	622.0000		-0.1198		
	623.0000		-0.1218		
	624.0000		-0.1229		
	625.0000		-0.1220		
	626.0000		-0.1235		
	627.0000		-0.1210		
	628.0000		-0.1191		
	629.0000		-0.1203		
	630.0000		-0.1208		
	631.0000		-0.1176		
	632.0000		-0.1182		
	633.0000		-0.1176		
	634.0000		-0.1154		
	635.0000		-0.1154		
	636.0000		-0.1147		
	637.0000		-0.1148		
	638.0000		-0.1163		
	639.0000		-0.1182		
	640.0000		-0.1201		
	641.0000		-0.1182		
	642.0000		-0.1170		
	643.0000		-0.1177		
	644.0000		-0.1182		
	645.0000		-0.1176		
	646.0000		-0.1155		
	647.0000		-0.1120		
	648.0000		-0.1123		
	649.0000		-0.1152		
	650.0000		-0.1168		
	651.0000		-0.1152		
	652.0000		-0.1166		
	653.0000		-0.1156		
	654.0000		-0.1160		
	655.0000		-0.1141		
	656.0000		-0.1123		
	657.0000		-0.1144		
	658.0000		-0.1140		
	659.0000		-0.1132		
	660.0000		-0.1120		
	661.0000		-0.1110		
	662.0000		-0.1104		
	663.0000		-0.1097		
	664.0000		-0.1110		
	665.0000		-0.1120		
	666.0000		-0.1117		
	667.0000		-0.1135		
	668.0000		-0.1132		
	669.0000		-0.1114		
	670.0000		-0.1123		
	671.0000		-0.1116		
	672.0000		-0.1116		
	673.0000		-0.1144		
	674.0000		-0.1178		
	675.0000		-0.1204		
	676.0000		-0.1179		
	677.0000		-0.1160		
	678.0000		-0.1170		
	679.0000		-0.1166		
	680.0000		-0.1170		
	681.0000		-0.1194		
	682.0000		-0.1185		
	683.0000		-0.1218		
	684.0000		-0.1208		
	685.0000		-0.1204		
	686.0000		-0.1202		
	687.0000		-0.1214		
	688.0000		-0.1210		
	689.0000		-0.1200		
	690.0000		-0.1188		
	691.0000		-0.1206		
	692.0000		-0.1212		
	693.0000		-0.1212		
	694.0000		-0.1245		
	695.0000		-0.1264		
	696.0000		-0.1235		
	697.0000		-0.1208		
	698.0000		-0.1216		
	699.0000		-0.1220		
	700.0000		-0.1232		
	701.0000		-0.1253		
	702.0000		-0.1221		
	703.0000		-0.1200		
	704.0000		-0.1197		
	705.0000		-0.1168		
	706.0000		-0.1171		
	707.0000		-0.1173		
	708.0000		-0.1194		
	709.0000		-0.1204		
	710.0000		-0.1200		
	711.0000		-0.1194		
	712.0000		-0.1220		
	713.0000		-0.1218		
	714.0000		-0.1210		
	715.0000		-0.1209		
	716.0000		-0.1168		
	717.0000		-0.1164		
	718.0000		-0.1182		
	719.0000		-0.1188		
	720.0000		-0.1200		
	721.0000		-0.1208		
	722.0000		-0.1218		
	723.0000		-0.1249		
	724.0000		-0.1220		
	725.0000		-0.1200		
	726.0000		-0.1204		
	727.0000		-0.1200		
	728.0000		-0.1204		
	729.0000		-0.1203		
	730.0000		-0.1185		
	731.0000		-0.1179		
	732.0000		-0.1186		
	733.0000		-0.1168		
	734.0000		-0.1194		
	735.0000		-0.1200		
	736.0000		-0.1176		
	737.0000		-0.1168		
	738.0000		-0.1176		
	739.0000		-0.1179		
	740.0000		-0.1170		
	741.0000		-0.1179		
	742.0000		-0.1177		
	743.0000		-0.1166		
	744.0000		-0.1174		
	745.0000		-0.1170		
	746.0000		-0.1164		
	747.0000		-0.1168		
	748.0000		-0.1173		
	749.0000		-0.1194		
	750.0000		-0.1210		
	751.0000		-0.1218		
	752.0000		-0.1200		
	753.0000		-0.1182		
	754.0000		-0.1182		
	755.0000		-0.1200		
	756.0000		-0.1173		
	757.0000		-0.1164		
	758.0000		-0.1168		
	759.0000		-0.1170		
	760.0000		-0.1202		
	761.0000		-0.1191		
	762.0000		-0.1194		
	763.0000		-0.1203		
	764.0000		-0.1216		
	765.0000		-0.1223		
	766.0000		-0.1221		
	767.0000		-0.1204		
	768.0000		-0.1206		
	769.0000		-0.1225		
	770.0000		-0.1250		
	771.0000		-0.1238		
	772.0000		-0.1244		
	773.0000		-0.1230		
	774.0000		-0.1208		
	775.0000		-0.1206		
	776.0000		-0.1223		
	777.0000		-0.1249		
	778.0000		-0.1248		
	779.0000		-0.1220		
	780.0000		-0.1210		
	781.0000		-0.1185		
	782.0000		-0.1241		
	783.0000		-0.1279		
	784.0000		-0.1297		
	785.0000		-0.1271		
	786.0000		-0.1270		
	787.0000		-0.1270		
	788.0000		-0.1279		
	789.0000		-0.1282		
	790.0000		-0.1258		
	791.0000		-0.1269		
	792.0000		-0.1273		
	793.0000		-0.1273		
	794.0000		-0.1279		
	795.0000		-0.1280		
	796.0000		-0.1288		
	797.0000		-0.1297		
	798.0000		-0.1299		
	799.0000		-0.1282		
	800.0000		-0.1270		
	801.0000		-0.1289		
	802.0000		-0.1266		
	803.0000		-0.1256		
	804.0000		-0.1260		
	805.0000		-0.1310		
	806.0000		-0.1306		
	807.0000		-0.1300		
	808.0000		-0.1310		
	809.0000		-0.1300		
	810.0000		-0.1271		
	811.0000		-0.1288		
	812.0000		-0.1288		
	813.0000		-0.1273		
	814.0000		-0.1304		
	815.0000		-0.1285		
	816.0000		-0.1282		
	817.0000		-0.1294		
	818.0000		-0.1300		
	819.0000		-0.1312		
	820.0000		-0.1297		
	821.0000		-0.1276		
	822.0000		-0.1264		
	823.0000		-0.1247		
	824.0000		-0.1250		
	825.0000		-0.1246		
	826.0000		-0.1314		
	827.0000		-0.1323		
	828.0000		-0.1356		
	829.0000		-0.1338		
	830.0000		-0.1318		
	831.0000		-0.1316		
	832.0000		-0.1311		
	833.0000		-0.1308		
	834.0000		-0.1297		
	835.0000		-0.1282		
	836.0000		-0.1282		
	837.0000		-0.1260		
	838.0000		-0.1235		
	839.0000		-0.1221		
	840.0000		-0.1225		
	841.0000		-0.1244		
	842.0000		-0.1232		
	843.0000		-0.1220		
	844.0000		-0.1244		
	845.0000		-0.1247		
	846.0000		-0.1247		
	847.0000		-0.1232		
	848.0000		-0.1252		
	849.0000		-0.1271		
	850.0000		-0.1294		
	851.0000		-0.1294		
	852.0000		-0.1288		
	853.0000		-0.1273		
	854.0000		-0.1310		
	855.0000		-0.1272		
	856.0000		-0.1256		
	857.0000		-0.1243		
	858.0000		-0.1241		
	859.0000		-0.1226		
	860.0000		-0.1241		
	861.0000		-0.1271		
	862.0000		-0.1305		
	863.0000		-0.1292		
	864.0000		-0.1270		
	865.0000		-0.1270		
	866.0000		-0.1270		
	867.0000		-0.1276		
	868.0000		-0.1268		
	869.0000		-0.1266		
	870.0000		-0.1285		
	871.0000		-0.1254		
	872.0000		-0.1249		
	873.0000		-0.1256		
	874.0000		-0.1232		
	875.0000		-0.1208		
	876.0000		-0.1216		
	877.0000		-0.1212		
	878.0000		-0.1173		
	879.0000		-0.1179		
	880.0000		-0.1200		
	881.0000		-0.1206		
	882.0000		-0.1191		
	883.0000		-0.1200		
	884.0000		-0.1185		
	885.0000		-0.1188		
	886.0000		-0.1182		
	887.0000		-0.1170		
	888.0000		-0.1199		
	889.0000		-0.1229		
	890.0000		-0.1220		
	891.0000		-0.1221		
	892.0000		-0.1232		
	893.0000		-0.1250		
	894.0000		-0.1254		
	895.0000		-0.1258		
	896.0000		-0.1273		
	897.0000		-0.1258		
	898.0000		-0.1252		
	899.0000		-0.1230		
END
