IGOR
X| Sun Jul 09 20:17:18 2017
X|   0.000000000000 0 X|
X|   0.000000000000 0 X|
X|   0.000000000000 0 X|
X|   0.000000000000 0 X|
X| data_type 	 num_points 	 num_chans 	 shots_per_read 	 reads_per_point 	 num_sweeps
X|      0   			  900   		     1    		   30  		    10     			   1
WAVES	  XDATA  Z1DATA	 
BEGIN
	0.0000		-0.3102		
	1.0000		-0.3118		
	2.0000		-0.3100		
	3.0000		-0.3049		
	4.0000		-0.3038		
	5.0000		-0.3098		
	6.0000		-0.3032		
	7.0000		-0.3011		
	8.0000		-0.3020		
	9.0000		-0.3062		
	10.0000		-0.3110		
	11.0000		-0.3106		
	12.0000		-0.3114		
	13.0000		-0.3045		
	14.0000		-0.2466		
	15.0000		-0.2442		
	16.0000		-0.2590		
	17.0000		-0.2787		
	18.0000		-0.2915		
	19.0000		-0.3042		
	20.0000		-0.3091		
	21.0000		-0.3047		
	22.0000		-0.3044		
	23.0000		-0.3055		
	24.0000		-0.3121		
	25.0000		-0.3168		
	26.0000		-0.3168		
	27.0000		-0.3164		
	28.0000		-0.3162		
	29.0000		-0.3149		
	30.0000		-0.3130		
	31.0000		-0.3095		
	32.0000		-0.3068		
	33.0000		-0.3118		
	34.0000		-0.3147		
	35.0000		-0.3154		
	36.0000		-0.3160		
	37.0000		-0.3174		
	38.0000		-0.3162		
	39.0000		-0.3140		
	40.0000		-0.3122		
	41.0000		-0.3097		
	42.0000		-0.3088		
	43.0000		-0.3096		
	44.0000		-0.3152		
	45.0000		-0.3173		
	46.0000		-0.3199		
	47.0000		-0.3188		
	48.0000		-0.3138		
	49.0000		-0.3115		
	50.0000		-0.3138		
	51.0000		-0.3129		
	52.0000		-0.3116		
	53.0000		-0.3117		
	54.0000		-0.3135		
	55.0000		-0.3141		
	56.0000		-0.3116		
	57.0000		-0.3116		
	58.0000		-0.3062		
	59.0000		-0.3060		
	60.0000		-0.3073		
	61.0000		-0.3062		
	62.0000		-0.3068		
	63.0000		-0.3062		
	64.0000		-0.3038		
	65.0000		-0.3029		
	66.0000		-0.3022		
	67.0000		-0.2993		
	68.0000		-0.3067		
	69.0000		-0.3099		
	70.0000		-0.3102		
	71.0000		-0.3076		
	72.0000		-0.3064		
	73.0000		-0.3085		
	74.0000		-0.3147		
	75.0000		-0.3079		
	76.0000		-0.3065		
	77.0000		-0.3052		
	78.0000		-0.3044		
	79.0000		-0.3035		
	80.0000		-0.3012		
	81.0000		-0.2954		
	82.0000		-0.2966		
	83.0000		-0.3002		
	84.0000		-0.3020		
	85.0000		-0.3029		
	86.0000		-0.3095		
	87.0000		-0.3108		
	88.0000		-0.3058		
	89.0000		-0.3038		
	90.0000		-0.3039		
	91.0000		-0.3062		
	92.0000		-0.3058		
	93.0000		-0.3082		
	94.0000		-0.3044		
	95.0000		-0.3006		
	96.0000		-0.3047		
	97.0000		-0.3043		
	98.0000		-0.3065		
	99.0000		-0.3029		
	100.0000		-0.3034		
	101.0000		-0.3035		
	102.0000		-0.3030		
	103.0000		-0.3010		
	104.0000		-0.3030		
	105.0000		-0.3052		
	106.0000		-0.3052		
	107.0000		-0.3099		
	108.0000		-0.3100		
	109.0000		-0.3118		
	110.0000		-0.3115		
	111.0000		-0.3122		
	112.0000		-0.3122		
	113.0000		-0.3110		
	114.0000		-0.3104		
	115.0000		-0.3122		
	116.0000		-0.3124		
	117.0000		-0.3107		
	118.0000		-0.3146		
	119.0000		-0.3141		
	120.0000		-0.3141		
	121.0000		-0.3139		
	122.0000		-0.3191		
	123.0000		-0.3179		
	124.0000		-0.3182		
	125.0000		-0.3179		
	126.0000		-0.3202		
	127.0000		-0.3200		
	128.0000		-0.3212		
	129.0000		-0.3227		
	130.0000		-0.3210		
	131.0000		-0.3207		
	132.0000		-0.3235		
	133.0000		-0.3248		
	134.0000		-0.3300		
	135.0000		-0.3360		
	136.0000		-0.3314		
	137.0000		-0.3290		
	138.0000		-0.3343		
	139.0000		-0.3314		
	140.0000		-0.3301		
	141.0000		-0.3304		
	142.0000		-0.3314		
	143.0000		-0.3315		
	144.0000		-0.3293		
	145.0000		-0.3287		
	146.0000		-0.3273		
	147.0000		-0.3310		
	148.0000		-0.3332		
	149.0000		-0.3318		
	150.0000		-0.3339		
	151.0000		-0.3364		
	152.0000		-0.3347		
	153.0000		-0.3315		
	154.0000		-0.3266		
	155.0000		-0.3296		
	156.0000		-0.3306		
	157.0000		-0.3291		
	158.0000		-0.3285		
	159.0000		-0.3260		
	160.0000		-0.3239		
	161.0000		-0.3266		
	162.0000		-0.3302		
	163.0000		-0.3268		
	164.0000		-0.3262		
	165.0000		-0.3294		
	166.0000		-0.3277		
	167.0000		-0.3241		
	168.0000		-0.3242		
	169.0000		-0.3274		
	170.0000		-0.3262		
	171.0000		-0.3214		
	172.0000		-0.3242		
	173.0000		-0.3235		
	174.0000		-0.3221		
	175.0000		-0.3231		
	176.0000		-0.3234		
	177.0000		-0.3247		
	178.0000		-0.3205		
	179.0000		-0.3223		
	180.0000		-0.3226		
	181.0000		-0.3220		
	182.0000		-0.3205		
	183.0000		-0.3188		
	184.0000		-0.3179		
	185.0000		-0.3172		
	186.0000		-0.3152		
	187.0000		-0.3150		
	188.0000		-0.3182		
	189.0000		-0.3208		
	190.0000		-0.3207		
	191.0000		-0.3182		
	192.0000		-0.3158		
	193.0000		-0.3166		
	194.0000		-0.3151		
	195.0000		-0.3152		
	196.0000		-0.3129		
	197.0000		-0.3101		
	198.0000		-0.3102		
	199.0000		-0.3102		
	200.0000		-0.3116		
	201.0000		-0.3095		
	202.0000		-0.3125		
	203.0000		-0.3126		
	204.0000		-0.3120		
	205.0000		-0.3066		
	206.0000		-0.3064		
	207.0000		-0.3102		
	208.0000		-0.3076		
	209.0000		-0.3099		
	210.0000		-0.3106		
	211.0000		-0.3119		
	212.0000		-0.3116		
	213.0000		-0.3121		
	214.0000		-0.2874		
	215.0000		-0.2200		
	216.0000		-0.2212		
	217.0000		-0.2433		
	218.0000		-0.2567		
	219.0000		-0.2730		
	220.0000		-0.2823		
	221.0000		-0.2902		
	222.0000		-0.2952		
	223.0000		-0.3007		
	224.0000		-0.3052		
	225.0000		-0.3096		
	226.0000		-0.3098		
	227.0000		-0.3104		
	228.0000		-0.3138		
	229.0000		-0.3127		
	230.0000		-0.3120		
	231.0000		-0.3110		
	232.0000		-0.3149		
	233.0000		-0.3123		
	234.0000		-0.3093		
	235.0000		-0.3075		
	236.0000		-0.3010		
	237.0000		-0.3013		
	238.0000		-0.3053		
	239.0000		-0.3038		
	240.0000		-0.3007		
	241.0000		-0.2993		
	242.0000		-0.3014		
	243.0000		-0.3049		
	244.0000		-0.3056		
	245.0000		-0.3082		
	246.0000		-0.3068		
	247.0000		-0.3020		
	248.0000		-0.2979		
	249.0000		-0.2968		
	250.0000		-0.3056		
	251.0000		-0.3062		
	252.0000		-0.3070		
	253.0000		-0.3064		
	254.0000		-0.3024		
	255.0000		-0.3023		
	256.0000		-0.3034		
	257.0000		-0.3063		
	258.0000		-0.3099		
	259.0000		-0.3129		
	260.0000		-0.3162		
	261.0000		-0.3152		
	262.0000		-0.3153		
	263.0000		-0.3126		
	264.0000		-0.3107		
	265.0000		-0.3063		
	266.0000		-0.3065		
	267.0000		-0.3070		
	268.0000		-0.3069		
	269.0000		-0.3082		
	270.0000		-0.3058		
	271.0000		-0.3060		
	272.0000		-0.3043		
	273.0000		-0.3064		
	274.0000		-0.3099		
	275.0000		-0.3085		
	276.0000		-0.3085		
	277.0000		-0.3051		
	278.0000		-0.3047		
	279.0000		-0.3032		
	280.0000		-0.3074		
	281.0000		-0.3108		
	282.0000		-0.3141		
	283.0000		-0.3147		
	284.0000		-0.3166		
	285.0000		-0.3148		
	286.0000		-0.3126		
	287.0000		-0.3093		
	288.0000		-0.3085		
	289.0000		-0.3116		
	290.0000		-0.3074		
	291.0000		-0.3052		
	292.0000		-0.3052		
	293.0000		-0.3080		
	294.0000		-0.3108		
	295.0000		-0.3143		
	296.0000		-0.3154		
	297.0000		-0.3144		
	298.0000		-0.3146		
	299.0000		-0.3170		
	300.0000		-0.3170		
	301.0000		-0.3120		
	302.0000		-0.3042		
	303.0000		-0.3023		
	304.0000		-0.3032		
	305.0000		-0.3051		
	306.0000		-0.3038		
	307.0000		-0.3064		
	308.0000		-0.3080		
	309.0000		-0.3101		
	310.0000		-0.3096		
	311.0000		-0.3138		
	312.0000		-0.3135		
	313.0000		-0.3125		
	314.0000		-0.3141		
	315.0000		-0.3160		
	316.0000		-0.3152		
	317.0000		-0.3120		
	318.0000		-0.3112		
	319.0000		-0.3150		
	320.0000		-0.3147		
	321.0000		-0.3164		
	322.0000		-0.3129		
	323.0000		-0.3105		
	324.0000		-0.3092		
	325.0000		-0.3071		
	326.0000		-0.3114		
	327.0000		-0.3108		
	328.0000		-0.3108		
	329.0000		-0.3088		
	330.0000		-0.3055		
	331.0000		-0.3048		
	332.0000		-0.3060		
	333.0000		-0.3100		
	334.0000		-0.3079		
	335.0000		-0.3082		
	336.0000		-0.3126		
	337.0000		-0.3098		
	338.0000		-0.3060		
	339.0000		-0.3032		
	340.0000		-0.3069		
	341.0000		-0.3083		
	342.0000		-0.3056		
	343.0000		-0.3061		
	344.0000		-0.3128		
	345.0000		-0.3142		
	346.0000		-0.3143		
	347.0000		-0.3158		
	348.0000		-0.3132		
	349.0000		-0.3160		
	350.0000		-0.3142		
	351.0000		-0.3087		
	352.0000		-0.3108		
	353.0000		-0.3158		
	354.0000		-0.3152		
	355.0000		-0.3144		
	356.0000		-0.3141		
	357.0000		-0.3098		
	358.0000		-0.3111		
	359.0000		-0.3124		
	360.0000		-0.3130		
	361.0000		-0.3104		
	362.0000		-0.3080		
	363.0000		-0.3082		
	364.0000		-0.3104		
	365.0000		-0.3144		
	366.0000		-0.3151		
	367.0000		-0.3126		
	368.0000		-0.3110		
	369.0000		-0.3094		
	370.0000		-0.3066		
	371.0000		-0.3103		
	372.0000		-0.3114		
	373.0000		-0.3155		
	374.0000		-0.3140		
	375.0000		-0.3118		
	376.0000		-0.3092		
	377.0000		-0.3100		
	378.0000		-0.3141		
	379.0000		-0.3149		
	380.0000		-0.3153		
	381.0000		-0.3158		
	382.0000		-0.3153		
	383.0000		-0.3126		
	384.0000		-0.3112		
	385.0000		-0.3114		
	386.0000		-0.3104		
	387.0000		-0.3124		
	388.0000		-0.3144		
	389.0000		-0.3118		
	390.0000		-0.3104		
	391.0000		-0.3118		
	392.0000		-0.3084		
	393.0000		-0.3057		
	394.0000		-0.3031		
	395.0000		-0.3095		
	396.0000		-0.3066		
	397.0000		-0.3083		
	398.0000		-0.3077		
	399.0000		-0.3069		
	400.0000		-0.3069		
	401.0000		-0.3085		
	402.0000		-0.3099		
	403.0000		-0.3126		
	404.0000		-0.3118		
	405.0000		-0.3096		
	406.0000		-0.3082		
	407.0000		-0.3056		
	408.0000		-0.3029		
	409.0000		-0.3066		
	410.0000		-0.3024		
	411.0000		-0.3067		
	412.0000		-0.3057		
	413.0000		-0.3047		
	414.0000		-0.3036		
	415.0000		-0.3044		
	416.0000		-0.3075		
	417.0000		-0.3040		
	418.0000		-0.3058		
	419.0000		-0.3073		
	420.0000		-0.3088		
	421.0000		-0.3129		
	422.0000		-0.3135		
	423.0000		-0.3157		
	424.0000		-0.3147		
	425.0000		-0.3147		
	426.0000		-0.3121		
	427.0000		-0.3075		
	428.0000		-0.3067		
	429.0000		-0.3095		
	430.0000		-0.3096		
	431.0000		-0.3085		
	432.0000		-0.3116		
	433.0000		-0.3130		
	434.0000		-0.3104		
	435.0000		-0.3121		
	436.0000		-0.3147		
	437.0000		-0.3101		
	438.0000		-0.3102		
	439.0000		-0.3104		
	440.0000		-0.3124		
	441.0000		-0.3117		
	442.0000		-0.3085		
	443.0000		-0.3108		
	444.0000		-0.3135		
	445.0000		-0.3167		
	446.0000		-0.3177		
	447.0000		-0.3150		
	448.0000		-0.3130		
	449.0000		-0.3147		
	450.0000		-0.3149		
	451.0000		-0.3151		
	452.0000		-0.3155		
	453.0000		-0.3151		
	454.0000		-0.3170		
	455.0000		-0.3196		
	456.0000		-0.3173		
	457.0000		-0.3168		
	458.0000		-0.3170		
	459.0000		-0.3164		
	460.0000		-0.3144		
	461.0000		-0.3149		
	462.0000		-0.3154		
	463.0000		-0.3167		
	464.0000		-0.3188		
	465.0000		-0.3157		
	466.0000		-0.3098		
	467.0000		-0.3082		
	468.0000		-0.3082		
	469.0000		-0.3100		
	470.0000		-0.3112		
	471.0000		-0.3118		
	472.0000		-0.3095		
	473.0000		-0.3096		
	474.0000		-0.3110		
	475.0000		-0.3106		
	476.0000		-0.3154		
	477.0000		-0.3168		
	478.0000		-0.3153		
	479.0000		-0.3119		
	480.0000		-0.3144		
	481.0000		-0.3153		
	482.0000		-0.3121		
	483.0000		-0.3101		
	484.0000		-0.3130		
	485.0000		-0.3169		
	486.0000		-0.3207		
	487.0000		-0.3212		
	488.0000		-0.3168		
	489.0000		-0.3155		
	490.0000		-0.3157		
	491.0000		-0.3152		
	492.0000		-0.3083		
	493.0000		-0.3066		
	494.0000		-0.3076		
	495.0000		-0.3102		
	496.0000		-0.3127		
	497.0000		-0.3120		
	498.0000		-0.3126		
	499.0000		-0.3112		
	500.0000		-0.3117		
	501.0000		-0.3162		
	502.0000		-0.3179		
	503.0000		-0.3200		
	504.0000		-0.3200		
	505.0000		-0.3203		
	506.0000		-0.3184		
	507.0000		-0.3153		
	508.0000		-0.3151		
	509.0000		-0.3160		
	510.0000		-0.3116		
	511.0000		-0.3097		
	512.0000		-0.3102		
	513.0000		-0.3114		
	514.0000		-0.3108		
	515.0000		-0.3102		
	516.0000		-0.3139		
	517.0000		-0.3160		
	518.0000		-0.3153		
	519.0000		-0.3126		
	520.0000		-0.3106		
	521.0000		-0.3103		
	522.0000		-0.3123		
	523.0000		-0.3164		
	524.0000		-0.3147		
	525.0000		-0.3099		
	526.0000		-0.3102		
	527.0000		-0.3129		
	528.0000		-0.3127		
	529.0000		-0.3105		
	530.0000		-0.3093		
	531.0000		-0.3058		
	532.0000		-0.3079		
	533.0000		-0.3110		
	534.0000		-0.3082		
	535.0000		-0.3102		
	536.0000		-0.3064		
	537.0000		-0.3056		
	538.0000		-0.3032		
	539.0000		-0.3027		
	540.0000		-0.3016		
	541.0000		-0.3068		
	542.0000		-0.3119		
	543.0000		-0.3166		
	544.0000		-0.3138		
	545.0000		-0.3147		
	546.0000		-0.3141		
	547.0000		-0.3132		
	548.0000		-0.3161		
	549.0000		-0.3164		
	550.0000		-0.3176		
	551.0000		-0.3168		
	552.0000		-0.3150		
	553.0000		-0.3160		
	554.0000		-0.3141		
	555.0000		-0.3115		
	556.0000		-0.3066		
	557.0000		-0.3077		
	558.0000		-0.3106		
	559.0000		-0.3100		
	560.0000		-0.3091		
	561.0000		-0.3141		
	562.0000		-0.3155		
	563.0000		-0.3151		
	564.0000		-0.3182		
	565.0000		-0.3173		
	566.0000		-0.3169		
	567.0000		-0.3168		
	568.0000		-0.3171		
	569.0000		-0.3147		
	570.0000		-0.3162		
	571.0000		-0.3179		
	572.0000		-0.3160		
	573.0000		-0.3193		
	574.0000		-0.3225		
	575.0000		-0.3218		
	576.0000		-0.3174		
	577.0000		-0.3188		
	578.0000		-0.3188		
	579.0000		-0.3179		
	580.0000		-0.3182		
	581.0000		-0.3183		
	582.0000		-0.3238		
	583.0000		-0.3249		
	584.0000		-0.3243		
	585.0000		-0.3265		
	586.0000		-0.3258		
	587.0000		-0.3256		
	588.0000		-0.3266		
	589.0000		-0.3276		
	590.0000		-0.3314		
	591.0000		-0.3273		
	592.0000		-0.3212		
	593.0000		-0.3185		
	594.0000		-0.3213		
	595.0000		-0.3169		
	596.0000		-0.3204		
	597.0000		-0.3204		
	598.0000		-0.3228		
	599.0000		-0.3249		
	600.0000		-0.3223		
	601.0000		-0.3218		
	602.0000		-0.3215		
	603.0000		-0.3204		
	604.0000		-0.3226		
	605.0000		-0.3214		
	606.0000		-0.3194		
	607.0000		-0.3225		
	608.0000		-0.3223		
	609.0000		-0.3194		
	610.0000		-0.3191		
	611.0000		-0.3210		
	612.0000		-0.3216		
	613.0000		-0.3208		
	614.0000		-0.3229		
	615.0000		-0.3262		
	616.0000		-0.3277		
	617.0000		-0.3300		
	618.0000		-0.3260		
	619.0000		-0.3247		
	620.0000		-0.3277		
	621.0000		-0.3270		
	622.0000		-0.3264		
	623.0000		-0.3262		
	624.0000		-0.3254		
	625.0000		-0.3262		
	626.0000		-0.3294		
	627.0000		-0.3279		
	628.0000		-0.3298		
	629.0000		-0.3259		
	630.0000		-0.3240		
	631.0000		-0.3241		
	632.0000		-0.3241		
	633.0000		-0.3255		
	634.0000		-0.3216		
	635.0000		-0.3197		
	636.0000		-0.3182		
	637.0000		-0.3159		
	638.0000		-0.3137		
	639.0000		-0.3150		
	640.0000		-0.3117		
	641.0000		-0.3143		
	642.0000		-0.3162		
	643.0000		-0.3151		
	644.0000		-0.3161		
	645.0000		-0.3194		
	646.0000		-0.3202		
	647.0000		-0.3209		
	648.0000		-0.3255		
	649.0000		-0.3250		
	650.0000		-0.3226		
	651.0000		-0.3220		
	652.0000		-0.3216		
	653.0000		-0.3212		
	654.0000		-0.3252		
	655.0000		-0.3268		
	656.0000		-0.3296		
	657.0000		-0.3291		
	658.0000		-0.3296		
	659.0000		-0.3300		
	660.0000		-0.3268		
	661.0000		-0.3264		
	662.0000		-0.3259		
	663.0000		-0.3232		
	664.0000		-0.3214		
	665.0000		-0.3168		
	666.0000		-0.3169		
	667.0000		-0.3212		
	668.0000		-0.3227		
	669.0000		-0.3188		
	670.0000		-0.3156		
	671.0000		-0.3161		
	672.0000		-0.3125		
	673.0000		-0.3118		
	674.0000		-0.3140		
	675.0000		-0.3173		
	676.0000		-0.3179		
	677.0000		-0.3206		
	678.0000		-0.3219		
	679.0000		-0.3183		
	680.0000		-0.3182		
	681.0000		-0.3176		
	682.0000		-0.3191		
	683.0000		-0.3160		
	684.0000		-0.3149		
	685.0000		-0.3143		
	686.0000		-0.3129		
	687.0000		-0.3157		
	688.0000		-0.3185		
	689.0000		-0.3182		
	690.0000		-0.3196		
	691.0000		-0.3167		
	692.0000		-0.3202		
	693.0000		-0.3169		
	694.0000		-0.3116		
	695.0000		-0.3118		
	696.0000		-0.3104		
	697.0000		-0.3103		
	698.0000		-0.3148		
	699.0000		-0.3175		
	700.0000		-0.3208		
	701.0000		-0.3174		
	702.0000		-0.3154		
	703.0000		-0.3164		
	704.0000		-0.3182		
	705.0000		-0.3170		
	706.0000		-0.3179		
	707.0000		-0.3212		
	708.0000		-0.3235		
	709.0000		-0.3218		
	710.0000		-0.3204		
	711.0000		-0.3179		
	712.0000		-0.3166		
	713.0000		-0.3164		
	714.0000		-0.3176		
	715.0000		-0.3199		
	716.0000		-0.3197		
	717.0000		-0.3164		
	718.0000		-0.3174		
	719.0000		-0.3168		
	720.0000		-0.3188		
	721.0000		-0.3211		
	722.0000		-0.3229		
	723.0000		-0.3260		
	724.0000		-0.3287		
	725.0000		-0.3301		
	726.0000		-0.3331		
	727.0000		-0.3299		
	728.0000		-0.3299		
	729.0000		-0.3304		
	730.0000		-0.3323		
	731.0000		-0.3302		
	732.0000		-0.3300		
	733.0000		-0.3300		
	734.0000		-0.3302		
	735.0000		-0.3282		
	736.0000		-0.3247		
	737.0000		-0.3259		
	738.0000		-0.3249		
	739.0000		-0.3238		
	740.0000		-0.3266		
	741.0000		-0.3248		
	742.0000		-0.3229		
	743.0000		-0.3216		
	744.0000		-0.3196		
	745.0000		-0.3227		
	746.0000		-0.3229		
	747.0000		-0.3223		
	748.0000		-0.3228		
	749.0000		-0.3238		
	750.0000		-0.3246		
	751.0000		-0.3216		
	752.0000		-0.3179		
	753.0000		-0.3141		
	754.0000		-0.3190		
	755.0000		-0.3208		
	756.0000		-0.3187		
	757.0000		-0.3180		
	758.0000		-0.3169		
	759.0000		-0.3200		
	760.0000		-0.3197		
	761.0000		-0.3152		
	762.0000		-0.3146		
	763.0000		-0.3134		
	764.0000		-0.3177		
	765.0000		-0.3219		
	766.0000		-0.3191		
	767.0000		-0.3202		
	768.0000		-0.3190		
	769.0000		-0.3176		
	770.0000		-0.3165		
	771.0000		-0.3168		
	772.0000		-0.3181		
	773.0000		-0.3221		
	774.0000		-0.3210		
	775.0000		-0.3190		
	776.0000		-0.3188		
	777.0000		-0.3181		
	778.0000		-0.3202		
	779.0000		-0.3227		
	780.0000		-0.3217		
	781.0000		-0.3212		
	782.0000		-0.3247		
	783.0000		-0.3252		
	784.0000		-0.3275		
	785.0000		-0.3235		
	786.0000		-0.3214		
	787.0000		-0.3253		
	788.0000		-0.3262		
	789.0000		-0.3262		
	790.0000		-0.3253		
	791.0000		-0.3229		
	792.0000		-0.3177		
	793.0000		-0.3162		
	794.0000		-0.3170		
	795.0000		-0.3170		
	796.0000		-0.3182		
	797.0000		-0.3207		
	798.0000		-0.3191		
	799.0000		-0.3191		
	800.0000		-0.3176		
	801.0000		-0.3179		
	802.0000		-0.3185		
	803.0000		-0.3164		
	804.0000		-0.3123		
	805.0000		-0.3132		
	806.0000		-0.3147		
	807.0000		-0.3122		
	808.0000		-0.3112		
	809.0000		-0.3121		
	810.0000		-0.3100		
	811.0000		-0.3118		
	812.0000		-0.3138		
	813.0000		-0.3162		
	814.0000		-0.3184		
	815.0000		-0.3204		
	816.0000		-0.3185		
	817.0000		-0.3210		
	818.0000		-0.3256		
	819.0000		-0.3270		
	820.0000		-0.3251		
	821.0000		-0.3195		
	822.0000		-0.3223		
	823.0000		-0.3252		
	824.0000		-0.3260		
	825.0000		-0.3220		
	826.0000		-0.3179		
	827.0000		-0.3187		
	828.0000		-0.3167		
	829.0000		-0.3170		
	830.0000		-0.3150		
	831.0000		-0.3186		
	832.0000		-0.3205		
	833.0000		-0.3176		
	834.0000		-0.3188		
	835.0000		-0.3179		
	836.0000		-0.3197		
	837.0000		-0.3189		
	838.0000		-0.3164		
	839.0000		-0.3167		
	840.0000		-0.3210		
	841.0000		-0.3206		
	842.0000		-0.3206		
	843.0000		-0.3221		
	844.0000		-0.3235		
	845.0000		-0.3213		
	846.0000		-0.3196		
	847.0000		-0.3225		
	848.0000		-0.3248		
	849.0000		-0.3241		
	850.0000		-0.3203		
	851.0000		-0.3166		
	852.0000		-0.3204		
	853.0000		-0.3235		
	854.0000		-0.3206		
	855.0000		-0.3243		
	856.0000		-0.3217		
	857.0000		-0.3204		
	858.0000		-0.3192		
	859.0000		-0.3174		
	860.0000		-0.3141		
	861.0000		-0.3155		
	862.0000		-0.3132		
	863.0000		-0.3116		
	864.0000		-0.3120		
	865.0000		-0.3135		
	866.0000		-0.3144		
	867.0000		-0.3126		
	868.0000		-0.3120		
	869.0000		-0.3132		
	870.0000		-0.3156		
	871.0000		-0.3173		
	872.0000		-0.3157		
	873.0000		-0.3184		
	874.0000		-0.3222		
	875.0000		-0.3202		
	876.0000		-0.3204		
	877.0000		-0.3199		
	878.0000		-0.3208		
	879.0000		-0.3205		
	880.0000		-0.3162		
	881.0000		-0.3166		
	882.0000		-0.3141		
	883.0000		-0.3158		
	884.0000		-0.3185		
	885.0000		-0.3208		
	886.0000		-0.3219		
	887.0000		-0.3215		
	888.0000		-0.3221		
	889.0000		-0.3246		
	890.0000		-0.3185		
	891.0000		-0.3164		
	892.0000		-0.3165		
	893.0000		-0.3176		
	894.0000		-0.3229		
	895.0000		-0.3226		
	896.0000		-0.3202		
	897.0000		-0.3168		
	898.0000		-0.3162		
	899.0000		-0.3165		
END
