IGOR
X| Tue Jul 04 20:02:40 2017
X|   0.000000000000 0 X|
X|   0.000000000000 0 X|
X|   0.000000000000 0 X|
X|   0.000000000000 0 X|
X| data_type 	 num_points 	 num_chans 	 shots_per_read 	 reads_per_point 	 num_sweeps
X|      0   			  300   		     1    		   30  		    10     			   1
WAVES	  XDATA  Z1DATA	 
BEGIN
	0.0000		-0.1035		
	1.0000		-0.1020		
	2.0000		-0.1051		
	3.0000		-0.1058		
	4.0000		-0.1096		
	5.0000		-0.1120		
	6.0000		-0.1154		
	7.0000		-0.1170		
	8.0000		-0.1176		
	9.0000		-0.1191		
	10.0000		-0.1191		
	11.0000		-0.1210		
	12.0000		-0.1241		
	13.0000		-0.1220		
	14.0000		-0.1220		
	15.0000		-0.1218		
	16.0000		-0.1220		
	17.0000		-0.1216		
	18.0000		-0.1208		
	19.0000		-0.1200		
	20.0000		-0.1188		
	21.0000		-0.1168		
	22.0000		-0.1150		
	23.0000		-0.1118		
	24.0000		-0.1108		
	25.0000		-0.1104		
	26.0000		-0.1116		
	27.0000		-0.1120		
	28.0000		-0.1141		
	29.0000		-0.1138		
	30.0000		-0.1144		
	31.0000		-0.1104		
	32.0000		-0.1091		
	33.0000		-0.1068		
	34.0000		-0.1038		
	35.0000		-0.1020		
	36.0000		-0.1018		
	37.0000		-0.1000		
	38.0000		-0.1008		
	39.0000		-0.1000		
	40.0000		-0.1018		
	41.0000		-0.1020		
	42.0000		-0.1032		
	43.0000		-0.1044		
	44.0000		-0.1047		
	45.0000		-0.1020		
	46.0000		-0.1044		
	47.0000		-0.1029		
	48.0000		-0.1035		
	49.0000		-0.1050		
	50.0000		-0.1050		
	51.0000		-0.1050		
	52.0000		-0.1050		
	53.0000		-0.1054		
	54.0000		-0.1050		
	55.0000		-0.1047		
	56.0000		-0.1052		
	57.0000		-0.1060		
	58.0000		-0.1062		
	59.0000		-0.1070		
	60.0000		-0.1079		
	61.0000		-0.1088		
	62.0000		-0.1102		
	63.0000		-0.1076		
	64.0000		-0.1079		
	65.0000		-0.1070		
	66.0000		-0.1079		
	67.0000		-0.1076		
	68.0000		-0.1070		
	69.0000		-0.1070		
	70.0000		-0.1070		
	71.0000		-0.1076		
	72.0000		-0.1068		
	73.0000		-0.1062		
	74.0000		-0.1054		
	75.0000		-0.1054		
	76.0000		-0.1050		
	77.0000		-0.1060		
	78.0000		-0.1064		
	79.0000		-0.1038		
	80.0000		-0.1050		
	81.0000		-0.1044		
	82.0000		-0.1041		
	83.0000		-0.1023		
	84.0000		-0.1035		
	85.0000		-0.1052		
	86.0000		-0.1070		
	87.0000		-0.1052		
	88.0000		-0.1041		
	89.0000		-0.1046		
	90.0000		-0.1052		
	91.0000		-0.1044		
	92.0000		-0.1026		
	93.0000		-0.1041		
	94.0000		-0.1038		
	95.0000		-0.1048		
	96.0000		-0.1052		
	97.0000		-0.1058		
	98.0000		-0.1064		
	99.0000		-0.1060		
	100.0000		-0.1060		
	101.0000		-0.1056		
	102.0000		-0.1029		
	103.0000		-0.1032		
	104.0000		-0.1066		
	105.0000		-0.1062		
	106.0000		-0.1064		
	107.0000		-0.1062		
	108.0000		-0.1070		
	109.0000		-0.1056		
	110.0000		-0.1062		
	111.0000		-0.1056		
	112.0000		-0.1064		
	113.0000		-0.1070		
	114.0000		-0.1070		
	115.0000		-0.1070		
	116.0000		-0.1062		
	117.0000		-0.1050		
	118.0000		-0.1050		
	119.0000		-0.1056		
	120.0000		-0.1070		
	121.0000		-0.1070		
	122.0000		-0.1062		
	123.0000		-0.1054		
	124.0000		-0.1060		
	125.0000		-0.1068		
	126.0000		-0.1056		
	127.0000		-0.1041		
	128.0000		-0.1023		
	129.0000		-0.1029		
	130.0000		-0.1047		
	131.0000		-0.1050		
	132.0000		-0.1050		
	133.0000		-0.1035		
	134.0000		-0.1020		
	135.0000		-0.1047		
	136.0000		-0.1070		
	137.0000		-0.1070		
	138.0000		-0.1068		
	139.0000		-0.1070		
	140.0000		-0.1058		
	141.0000		-0.1035		
	142.0000		-0.1026		
	143.0000		-0.1020		
	144.0000		-0.1041		
	145.0000		-0.1050		
	146.0000		-0.1047		
	147.0000		-0.1052		
	148.0000		-0.1049		
	149.0000		-0.1047		
	150.0000		-0.1050		
	151.0000		-0.1019		
	152.0000		-0.1000		
	153.0000		-0.1000		
	154.0000		-0.1023		
	155.0000		-0.1056		
	156.0000		-0.1098		
	157.0000		-0.1123		
	158.0000		-0.1135		
	159.0000		-0.1165		
	160.0000		-0.1212		
	161.0000		-0.1232		
	162.0000		-0.1247		
	163.0000		-0.1250		
	164.0000		-0.1250		
	165.0000		-0.1250		
	166.0000		-0.1220		
	167.0000		-0.1232		
	168.0000		-0.1220		
	169.0000		-0.1232		
	170.0000		-0.1244		
	171.0000		-0.1220		
	172.0000		-0.1208		
	173.0000		-0.1200		
	174.0000		-0.1220		
	175.0000		-0.1223		
	176.0000		-0.1244		
	177.0000		-0.1226		
	178.0000		-0.1226		
	179.0000		-0.1210		
	180.0000		-0.1214		
	181.0000		-0.1200		
	182.0000		-0.1200		
	183.0000		-0.1216		
	184.0000		-0.1235		
	185.0000		-0.1247		
	186.0000		-0.1238		
	187.0000		-0.1250		
	188.0000		-0.1250		
	189.0000		-0.1252		
	190.0000		-0.1264		
	191.0000		-0.1270		
	192.0000		-0.1276		
	193.0000		-0.1297		
	194.0000		-0.1273		
	195.0000		-0.1260		
	196.0000		-0.1258		
	197.0000		-0.1266		
	198.0000		-0.1270		
	199.0000		-0.1270		
	200.0000		-0.1279		
	201.0000		-0.1270		
	202.0000		-0.1276		
	203.0000		-0.1266		
	204.0000		-0.1247		
	205.0000		-0.1235		
	206.0000		-0.1244		
	207.0000		-0.1250		
	208.0000		-0.1254		
	209.0000		-0.1270		
	210.0000		-0.1256		
	211.0000		-0.1270		
	212.0000		-0.1262		
	213.0000		-0.1268		
	214.0000		-0.1247		
	215.0000		-0.1210		
	216.0000		-0.1197		
	217.0000		-0.1194		
	218.0000		-0.1197		
	219.0000		-0.1197		
	220.0000		-0.1197		
	221.0000		-0.1231		
	222.0000		-0.1252		
	223.0000		-0.1258		
	224.0000		-0.1268		
	225.0000		-0.1273		
	226.0000		-0.1266		
	227.0000		-0.1260		
	228.0000		-0.1260		
	229.0000		-0.1276		
	230.0000		-0.1268		
	231.0000		-0.1264		
	232.0000		-0.1268		
	233.0000		-0.1256		
	234.0000		-0.1258		
	235.0000		-0.1247		
	236.0000		-0.1258		
	237.0000		-0.1264		
	238.0000		-0.1250		
	239.0000		-0.1226		
	240.0000		-0.1220		
	241.0000		-0.1232		
	242.0000		-0.1223		
	243.0000		-0.1218		
	244.0000		-0.1204		
	245.0000		-0.1200		
	246.0000		-0.1214		
	247.0000		-0.1206		
	248.0000		-0.1200		
	249.0000		-0.1202		
	250.0000		-0.1208		
	251.0000		-0.1220		
	252.0000		-0.1220		
	253.0000		-0.1220		
	254.0000		-0.1220		
	255.0000		-0.1238		
	256.0000		-0.1252		
	257.0000		-0.1247		
	258.0000		-0.1250		
	259.0000		-0.1262		
	260.0000		-0.1252		
	261.0000		-0.1250		
	262.0000		-0.1250		
	263.0000		-0.1250		
	264.0000		-0.1258		
	265.0000		-0.1268		
	266.0000		-0.1268		
	267.0000		-0.1270		
	268.0000		-0.1282		
	269.0000		-0.1300		
	270.0000		-0.1303		
	271.0000		-0.1291		
	272.0000		-0.1291		
	273.0000		-0.1270		
	274.0000		-0.1270		
	275.0000		-0.1279		
	276.0000		-0.1270		
	277.0000		-0.1270		
	278.0000		-0.1282		
	279.0000		-0.1304		
	280.0000		-0.1312		
	281.0000		-0.1320		
	282.0000		-0.1310		
	283.0000		-0.1300		
	284.0000		-0.1282		
	285.0000		-0.1294		
	286.0000		-0.1279		
	287.0000		-0.1270		
	288.0000		-0.1270		
	289.0000		-0.1270		
	290.0000		-0.1264		
	291.0000		-0.1270		
	292.0000		-0.1268		
	293.0000		-0.1270		
	294.0000		-0.1285		
	295.0000		-0.1300		
	296.0000		-0.1291		
	297.0000		-0.1291		
	298.0000		-0.1304		
	299.0000		-0.1308		
END
