IGOR
X| Tue Jul 04 19:33:34 2017
X|   0.000000000000 0 X|
X|   0.000000000000 0 X|
X|   0.000000000000 0 X|
X|   0.000000000000 0 X|
X| data_type 	 num_points 	 num_chans 	 shots_per_read 	 reads_per_point 	 num_sweeps
X|      0   			  300   		     1    		   30  		    10     			   1
WAVES	  XDATA  Z1DATA	 
BEGIN
	0.0000		-0.2220		
	1.0000		-0.2247		
	2.0000		-0.2307		
	3.0000		-0.2369		
	4.0000		-0.2404		
	5.0000		-0.2444		
	6.0000		-0.2468		
	7.0000		-0.2470		
	8.0000		-0.2470		
	9.0000		-0.2470		
	10.0000		-0.2468		
	11.0000		-0.2462		
	12.0000		-0.2464		
	13.0000		-0.2488		
	14.0000		-0.2497		
	15.0000		-0.2506		
	16.0000		-0.2485		
	17.0000		-0.2470		
	18.0000		-0.2470		
	19.0000		-0.2460		
	20.0000		-0.2447		
	21.0000		-0.2468		
	22.0000		-0.2464		
	23.0000		-0.2447		
	24.0000		-0.2470		
	25.0000		-0.2456		
	26.0000		-0.2452		
	27.0000		-0.2450		
	28.0000		-0.2450		
	29.0000		-0.2435		
	30.0000		-0.2420		
	31.0000		-0.2418		
	32.0000		-0.2420		
	33.0000		-0.2444		
	34.0000		-0.2450		
	35.0000		-0.2450		
	36.0000		-0.2450		
	37.0000		-0.2470		
	38.0000		-0.2488		
	39.0000		-0.2468		
	40.0000		-0.2470		
	41.0000		-0.2470		
	42.0000		-0.2462		
	43.0000		-0.2464		
	44.0000		-0.2460		
	45.0000		-0.2450		
	46.0000		-0.2458		
	47.0000		-0.2456		
	48.0000		-0.2468		
	49.0000		-0.2470		
	50.0000		-0.2470		
	51.0000		-0.2468		
	52.0000		-0.2470		
	53.0000		-0.2470		
	54.0000		-0.2458		
	55.0000		-0.2470		
	56.0000		-0.2470		
	57.0000		-0.2462		
	58.0000		-0.2470		
	59.0000		-0.2488		
	60.0000		-0.2473		
	61.0000		-0.2494		
	62.0000		-0.2475		
	63.0000		-0.2456		
	64.0000		-0.2456		
	65.0000		-0.2458		
	66.0000		-0.2463		
	67.0000		-0.2510		
	68.0000		-0.2508		
	69.0000		-0.2521		
	70.0000		-0.2532		
	71.0000		-0.2550		
	72.0000		-0.2538		
	73.0000		-0.2524		
	74.0000		-0.2523		
	75.0000		-0.2532		
	76.0000		-0.2547		
	77.0000		-0.2533		
	78.0000		-0.2496		
	79.0000		-0.2465		
	80.0000		-0.2450		
	81.0000		-0.2450		
	82.0000		-0.2432		
	83.0000		-0.2418		
	84.0000		-0.2410		
	85.0000		-0.2400		
	86.0000		-0.2400		
	87.0000		-0.2400		
	88.0000		-0.2404		
	89.0000		-0.2408		
	90.0000		-0.2420		
	91.0000		-0.2432		
	92.0000		-0.2429		
	93.0000		-0.2423		
	94.0000		-0.2420		
	95.0000		-0.2426		
	96.0000		-0.2429		
	97.0000		-0.2416		
	98.0000		-0.2418		
	99.0000		-0.2400		
	100.0000		-0.2397		
	101.0000		-0.2391		
	102.0000		-0.2412		
	103.0000		-0.2450		
	104.0000		-0.2458		
	105.0000		-0.2454		
	106.0000		-0.2429		
	107.0000		-0.2414		
	108.0000		-0.2420		
	109.0000		-0.2420		
	110.0000		-0.2412		
	111.0000		-0.2416		
	112.0000		-0.2400		
	113.0000		-0.2420		
	114.0000		-0.2450		
	115.0000		-0.2460		
	116.0000		-0.2456		
	117.0000		-0.2458		
	118.0000		-0.2450		
	119.0000		-0.2468		
	120.0000		-0.2464		
	121.0000		-0.2458		
	122.0000		-0.2452		
	123.0000		-0.2450		
	124.0000		-0.2426		
	125.0000		-0.2444		
	126.0000		-0.2447		
	127.0000		-0.2435		
	128.0000		-0.2449		
	129.0000		-0.2469		
	130.0000		-0.2454		
	131.0000		-0.2429		
	132.0000		-0.2416		
	133.0000		-0.2400		
	134.0000		-0.2400		
	135.0000		-0.2397		
	136.0000		-0.2397		
	137.0000		-0.2400		
	138.0000		-0.2418		
	139.0000		-0.2420		
	140.0000		-0.2412		
	141.0000		-0.2400		
	142.0000		-0.2385		
	143.0000		-0.2402		
	144.0000		-0.2410		
	145.0000		-0.2400		
	146.0000		-0.2394		
	147.0000		-0.2397		
	148.0000		-0.2414		
	149.0000		-0.2420		
	150.0000		-0.2429		
	151.0000		-0.2397		
	152.0000		-0.2379		
	153.0000		-0.2388		
	154.0000		-0.2370		
	155.0000		-0.2373		
	156.0000		-0.2385		
	157.0000		-0.2373		
	158.0000		-0.2370		
	159.0000		-0.2362		
	160.0000		-0.2350		
	161.0000		-0.2350		
	162.0000		-0.2350		
	163.0000		-0.2370		
	164.0000		-0.2382		
	165.0000		-0.2400		
	166.0000		-0.2394		
	167.0000		-0.2400		
	168.0000		-0.2404		
	169.0000		-0.2418		
	170.0000		-0.2416		
	171.0000		-0.2450		
	172.0000		-0.2450		
	173.0000		-0.2441		
	174.0000		-0.2438		
	175.0000		-0.2435		
	176.0000		-0.2414		
	177.0000		-0.2420		
	178.0000		-0.2432		
	179.0000		-0.2429		
	180.0000		-0.2420		
	181.0000		-0.2420		
	182.0000		-0.2423		
	183.0000		-0.2418		
	184.0000		-0.2420		
	185.0000		-0.2429		
	186.0000		-0.2420		
	187.0000		-0.2444		
	188.0000		-0.2470		
	189.0000		-0.2497		
	190.0000		-0.2500		
	191.0000		-0.2506		
	192.0000		-0.2510		
	193.0000		-0.2514		
	194.0000		-0.2524		
	195.0000		-0.2526		
	196.0000		-0.2556		
	197.0000		-0.2597		
	198.0000		-0.2600		
	199.0000		-0.2614		
	200.0000		-0.2620		
	201.0000		-0.2604		
	202.0000		-0.2579		
	203.0000		-0.2566		
	204.0000		-0.2556		
	205.0000		-0.2544		
	206.0000		-0.2523		
	207.0000		-0.2506		
	208.0000		-0.2506		
	209.0000		-0.2516		
	210.0000		-0.2518		
	211.0000		-0.2520		
	212.0000		-0.2485		
	213.0000		-0.2462		
	214.0000		-0.2460		
	215.0000		-0.2450		
	216.0000		-0.2460		
	217.0000		-0.2470		
	218.0000		-0.2473		
	219.0000		-0.2491		
	220.0000		-0.2479		
	221.0000		-0.2508		
	222.0000		-0.2512		
	223.0000		-0.2502		
	224.0000		-0.2482		
	225.0000		-0.2470		
	226.0000		-0.2479		
	227.0000		-0.2493		
	228.0000		-0.2479		
	229.0000		-0.2491		
	230.0000		-0.2482		
	231.0000		-0.2497		
	232.0000		-0.2497		
	233.0000		-0.2470		
	234.0000		-0.2466		
	235.0000		-0.2462		
	236.0000		-0.2454		
	237.0000		-0.2450		
	238.0000		-0.2458		
	239.0000		-0.2464		
	240.0000		-0.2450		
	241.0000		-0.2444		
	242.0000		-0.2435		
	243.0000		-0.2450		
	244.0000		-0.2438		
	245.0000		-0.2438		
	246.0000		-0.2416		
	247.0000		-0.2416		
	248.0000		-0.2432		
	249.0000		-0.2418		
	250.0000		-0.2420		
	251.0000		-0.2416		
	252.0000		-0.2410		
	253.0000		-0.2420		
	254.0000		-0.2420		
	255.0000		-0.2426		
	256.0000		-0.2435		
	257.0000		-0.2420		
	258.0000		-0.2429		
	259.0000		-0.2429		
	260.0000		-0.2435		
	261.0000		-0.2441		
	262.0000		-0.2452		
	263.0000		-0.2466		
	264.0000		-0.2450		
	265.0000		-0.2450		
	266.0000		-0.2435		
	267.0000		-0.2454		
	268.0000		-0.2470		
	269.0000		-0.2485		
	270.0000		-0.2488		
	271.0000		-0.2466		
	272.0000		-0.2454		
	273.0000		-0.2468		
	274.0000		-0.2466		
	275.0000		-0.2456		
	276.0000		-0.2452		
	277.0000		-0.2452		
	278.0000		-0.2449		
	279.0000		-0.2450		
	280.0000		-0.2444		
	281.0000		-0.2444		
	282.0000		-0.2447		
	283.0000		-0.2423		
	284.0000		-0.2420		
	285.0000		-0.2412		
	286.0000		-0.2400		
	287.0000		-0.2410		
	288.0000		-0.2416		
	289.0000		-0.2420		
	290.0000		-0.2437		
	291.0000		-0.2450		
	292.0000		-0.2438		
	293.0000		-0.2447		
	294.0000		-0.2447		
	295.0000		-0.2456		
	296.0000		-0.2466		
	297.0000		-0.2488		
	298.0000		-0.2473		
	299.0000		-0.2456		
END
