IGOR
X| Tue Jul 04 19:52:57 2017
X|   0.000000000000 0 X|
X|   0.000000000000 0 X|
X|   0.000000000000 0 X|
X|   0.000000000000 0 X|
X| data_type 	 num_points 	 num_chans 	 shots_per_read 	 reads_per_point 	 num_sweeps
X|      0   			  300   		     1    		   30  		    10     			   1
WAVES	  XDATA  Z1DATA	 
BEGIN
	0.0000		-0.1399		
	1.0000		-0.1447		
	2.0000		-0.1470		
	3.0000		-0.1470		
	4.0000		-0.1496		
	5.0000		-0.1506		
	6.0000		-0.1500		
	7.0000		-0.1506		
	8.0000		-0.1519		
	9.0000		-0.1520		
	10.0000		-0.1514		
	11.0000		-0.1532		
	12.0000		-0.1550		
	13.0000		-0.1556		
	14.0000		-0.1566		
	15.0000		-0.1570		
	16.0000		-0.1570		
	17.0000		-0.1568		
	18.0000		-0.1568		
	19.0000		-0.1568		
	20.0000		-0.1566		
	21.0000		-0.1570		
	22.0000		-0.1570		
	23.0000		-0.1588		
	24.0000		-0.1597		
	25.0000		-0.1579		
	26.0000		-0.1570		
	27.0000		-0.1564		
	28.0000		-0.1562		
	29.0000		-0.1570		
	30.0000		-0.1558		
	31.0000		-0.1550		
	32.0000		-0.1566		
	33.0000		-0.1570		
	34.0000		-0.1570		
	35.0000		-0.1558		
	36.0000		-0.1558		
	37.0000		-0.1570		
	38.0000		-0.1564		
	39.0000		-0.1552		
	40.0000		-0.1562		
	41.0000		-0.1566		
	42.0000		-0.1573		
	43.0000		-0.1588		
	44.0000		-0.1585		
	45.0000		-0.1576		
	46.0000		-0.1573		
	47.0000		-0.1570		
	48.0000		-0.1570		
	49.0000		-0.1573		
	50.0000		-0.1570		
	51.0000		-0.1570		
	52.0000		-0.1579		
	53.0000		-0.1573		
	54.0000		-0.1573		
	55.0000		-0.1570		
	56.0000		-0.1579		
	57.0000		-0.1570		
	58.0000		-0.1570		
	59.0000		-0.1570		
	60.0000		-0.1570		
	61.0000		-0.1570		
	62.0000		-0.1570		
	63.0000		-0.1554		
	64.0000		-0.1526		
	65.0000		-0.1520		
	66.0000		-0.1520		
	67.0000		-0.1516		
	68.0000		-0.1473		
	69.0000		-0.1470		
	70.0000		-0.1470		
	71.0000		-0.1470		
	72.0000		-0.1470		
	73.0000		-0.1460		
	74.0000		-0.1470		
	75.0000		-0.1458		
	76.0000		-0.1456		
	77.0000		-0.1485		
	78.0000		-0.1514		
	79.0000		-0.1518		
	80.0000		-0.1529		
	81.0000		-0.1544		
	82.0000		-0.1541		
	83.0000		-0.1550		
	84.0000		-0.1554		
	85.0000		-0.1544		
	86.0000		-0.1529		
	87.0000		-0.1538		
	88.0000		-0.1535		
	89.0000		-0.1566		
	90.0000		-0.1568		
	91.0000		-0.1570		
	92.0000		-0.1568		
	93.0000		-0.1568		
	94.0000		-0.1570		
	95.0000		-0.1570		
	96.0000		-0.1570		
	97.0000		-0.1570		
	98.0000		-0.1564		
	99.0000		-0.1552		
	100.0000		-0.1556		
	101.0000		-0.1570		
	102.0000		-0.1570		
	103.0000		-0.1566		
	104.0000		-0.1529		
	105.0000		-0.1500		
	106.0000		-0.1476		
	107.0000		-0.1462		
	108.0000		-0.1441		
	109.0000		-0.1450		
	110.0000		-0.1450		
	111.0000		-0.1458		
	112.0000		-0.1460		
	113.0000		-0.1491		
	114.0000		-0.1504		
	115.0000		-0.1520		
	116.0000		-0.1520		
	117.0000		-0.1510		
	118.0000		-0.1485		
	119.0000		-0.1497		
	120.0000		-0.1516		
	121.0000		-0.1520		
	122.0000		-0.1518		
	123.0000		-0.1532		
	124.0000		-0.1529		
	125.0000		-0.1520		
	126.0000		-0.1520		
	127.0000		-0.1535		
	128.0000		-0.1558		
	129.0000		-0.1564		
	130.0000		-0.1566		
	131.0000		-0.1570		
	132.0000		-0.1558		
	133.0000		-0.1566		
	134.0000		-0.1547		
	135.0000		-0.1547		
	136.0000		-0.1552		
	137.0000		-0.1566		
	138.0000		-0.1550		
	139.0000		-0.1514		
	140.0000		-0.1485		
	141.0000		-0.1460		
	142.0000		-0.1462		
	143.0000		-0.1452		
	144.0000		-0.1452		
	145.0000		-0.1470		
	146.0000		-0.1482		
	147.0000		-0.1473		
	148.0000		-0.1449		
	149.0000		-0.1450		
	150.0000		-0.1429		
	151.0000		-0.1432		
	152.0000		-0.1456		
	153.0000		-0.1470		
	154.0000		-0.1476		
	155.0000		-0.1470		
	156.0000		-0.1485		
	157.0000		-0.1500		
	158.0000		-0.1506		
	159.0000		-0.1504		
	160.0000		-0.1504		
	161.0000		-0.1520		
	162.0000		-0.1508		
	163.0000		-0.1500		
	164.0000		-0.1482		
	165.0000		-0.1470		
	166.0000		-0.1460		
	167.0000		-0.1468		
	168.0000		-0.1470		
	169.0000		-0.1464		
	170.0000		-0.1470		
	171.0000		-0.1470		
	172.0000		-0.1476		
	173.0000		-0.1482		
	174.0000		-0.1482		
	175.0000		-0.1500		
	176.0000		-0.1485		
	177.0000		-0.1470		
	178.0000		-0.1456		
	179.0000		-0.1458		
	180.0000		-0.1470		
	181.0000		-0.1470		
	182.0000		-0.1491		
	183.0000		-0.1500		
	184.0000		-0.1500		
	185.0000		-0.1497		
	186.0000		-0.1473		
	187.0000		-0.1482		
	188.0000		-0.1485		
	189.0000		-0.1494		
	190.0000		-0.1488		
	191.0000		-0.1502		
	192.0000		-0.1520		
	193.0000		-0.1520		
	194.0000		-0.1535		
	195.0000		-0.1520		
	196.0000		-0.1516		
	197.0000		-0.1541		
	198.0000		-0.1532		
	199.0000		-0.1535		
	200.0000		-0.1520		
	201.0000		-0.1526		
	202.0000		-0.1547		
	203.0000		-0.1520		
	204.0000		-0.1520		
	205.0000		-0.1523		
	206.0000		-0.1520		
	207.0000		-0.1516		
	208.0000		-0.1512		
	209.0000		-0.1520		
	210.0000		-0.1523		
	211.0000		-0.1532		
	212.0000		-0.1538		
	213.0000		-0.1558		
	214.0000		-0.1564		
	215.0000		-0.1550		
	216.0000		-0.1550		
	217.0000		-0.1538		
	218.0000		-0.1520		
	219.0000		-0.1520		
	220.0000		-0.1520		
	221.0000		-0.1514		
	222.0000		-0.1518		
	223.0000		-0.1518		
	224.0000		-0.1500		
	225.0000		-0.1516		
	226.0000		-0.1506		
	227.0000		-0.1502		
	228.0000		-0.1497		
	229.0000		-0.1482		
	230.0000		-0.1482		
	231.0000		-0.1479		
	232.0000		-0.1476		
	233.0000		-0.1470		
	234.0000		-0.1470		
	235.0000		-0.1476		
	236.0000		-0.1500		
	237.0000		-0.1488		
	238.0000		-0.1514		
	239.0000		-0.1512		
	240.0000		-0.1520		
	241.0000		-0.1514		
	242.0000		-0.1510		
	243.0000		-0.1532		
	244.0000		-0.1532		
	245.0000		-0.1547		
	246.0000		-0.1552		
	247.0000		-0.1546		
	248.0000		-0.1512		
	249.0000		-0.1500		
	250.0000		-0.1500		
	251.0000		-0.1512		
	252.0000		-0.1518		
	253.0000		-0.1510		
	254.0000		-0.1508		
	255.0000		-0.1508		
	256.0000		-0.1504		
	257.0000		-0.1500		
	258.0000		-0.1500		
	259.0000		-0.1491		
	260.0000		-0.1497		
	261.0000		-0.1500		
	262.0000		-0.1510		
	263.0000		-0.1520		
	264.0000		-0.1520		
	265.0000		-0.1526		
	266.0000		-0.1512		
	267.0000		-0.1494		
	268.0000		-0.1497		
	269.0000		-0.1506		
	270.0000		-0.1520		
	271.0000		-0.1520		
	272.0000		-0.1520		
	273.0000		-0.1520		
	274.0000		-0.1526		
	275.0000		-0.1510		
	276.0000		-0.1500		
	277.0000		-0.1487		
	278.0000		-0.1460		
	279.0000		-0.1460		
	280.0000		-0.1450		
	281.0000		-0.1456		
	282.0000		-0.1470		
	283.0000		-0.1470		
	284.0000		-0.1494		
	285.0000		-0.1500		
	286.0000		-0.1500		
	287.0000		-0.1506		
	288.0000		-0.1516		
	289.0000		-0.1520		
	290.0000		-0.1512		
	291.0000		-0.1497		
	292.0000		-0.1488		
	293.0000		-0.1476		
	294.0000		-0.1482		
	295.0000		-0.1470		
	296.0000		-0.1479		
	297.0000		-0.1491		
	298.0000		-0.1500		
	299.0000		-0.1512		
END
