IGOR
X| Tue Jul 04 19:16:24 2017
X|   0.000000000000 0 X|
X|   0.000000000000 0 X|
X|   0.000000000000 0 X|
X|   0.000000000000 0 X|
X| data_type 	 num_points 	 num_chans 	 shots_per_read 	 reads_per_point 	 num_sweeps
X|      0   			  900   		     1    		   30  		    10     			   1
WAVES	  XDATA  Z1DATA	 
BEGIN
	0.0000		-0.2570		
	1.0000		-0.2547		
	2.0000		-0.2520		
	3.0000		-0.2512		
	4.0000		-0.2464		
	5.0000		-0.2444		
	6.0000		-0.2410		
	7.0000		-0.2400		
	8.0000		-0.2414		
	9.0000		-0.2400		
	10.0000		-0.2400		
	11.0000		-0.2391		
	12.0000		-0.2376		
	13.0000		-0.2065		
	14.0000		-0.1638		
	15.0000		-0.1767		
	16.0000		-0.1893		
	17.0000		-0.2018		
	18.0000		-0.2121		
	19.0000		-0.2196		
	20.0000		-0.2257		
	21.0000		-0.2297		
	22.0000		-0.2329		
	23.0000		-0.2350		
	24.0000		-0.2366		
	25.0000		-0.2397		
	26.0000		-0.2402		
	27.0000		-0.2394		
	28.0000		-0.2397		
	29.0000		-0.2400		
	30.0000		-0.2400		
	31.0000		-0.2402		
	32.0000		-0.2400		
	33.0000		-0.2414		
	34.0000		-0.2402		
	35.0000		-0.2400		
	36.0000		-0.2410		
	37.0000		-0.2412		
	38.0000		-0.2402		
	39.0000		-0.2400		
	40.0000		-0.2404		
	41.0000		-0.2408		
	42.0000		-0.2408		
	43.0000		-0.2400		
	44.0000		-0.2400		
	45.0000		-0.2400		
	46.0000		-0.2400		
	47.0000		-0.2400		
	48.0000		-0.2408		
	49.0000		-0.2412		
	50.0000		-0.2382		
	51.0000		-0.2376		
	52.0000		-0.2366		
	53.0000		-0.2350		
	54.0000		-0.2338		
	55.0000		-0.2366		
	56.0000		-0.2370		
	57.0000		-0.2391		
	58.0000		-0.2402		
	59.0000		-0.2410		
	60.0000		-0.2406		
	61.0000		-0.2426		
	62.0000		-0.2456		
	63.0000		-0.2490		
	64.0000		-0.2508		
	65.0000		-0.2510		
	66.0000		-0.2506		
	67.0000		-0.2516		
	68.0000		-0.2482		
	69.0000		-0.2470		
	70.0000		-0.2441		
	71.0000		-0.2420		
	72.0000		-0.2420		
	73.0000		-0.2388		
	74.0000		-0.2343		
	75.0000		-0.2304		
	76.0000		-0.2260		
	77.0000		-0.2244		
	78.0000		-0.2266		
	79.0000		-0.2266		
	80.0000		-0.2241		
	81.0000		-0.2247		
	82.0000		-0.2262		
	83.0000		-0.2276		
	84.0000		-0.2321		
	85.0000		-0.2332		
	86.0000		-0.2344		
	87.0000		-0.2350		
	88.0000		-0.2326		
	89.0000		-0.2358		
	90.0000		-0.2368		
	91.0000		-0.2352		
	92.0000		-0.2370		
	93.0000		-0.2370		
	94.0000		-0.2354		
	95.0000		-0.2344		
	96.0000		-0.2332		
	97.0000		-0.2326		
	98.0000		-0.2362		
	99.0000		-0.2364		
	100.0000		-0.2360		
	101.0000		-0.2350		
	102.0000		-0.2368		
	103.0000		-0.2394		
	104.0000		-0.2370		
	105.0000		-0.2344		
	106.0000		-0.2316		
	107.0000		-0.2285		
	108.0000		-0.2270		
	109.0000		-0.2285		
	110.0000		-0.2312		
	111.0000		-0.2344		
	112.0000		-0.2341		
	113.0000		-0.2364		
	114.0000		-0.2385		
	115.0000		-0.2397		
	116.0000		-0.2410		
	117.0000		-0.2442		
	118.0000		-0.2492		
	119.0000		-0.2546		
	120.0000		-0.2576		
	121.0000		-0.2612		
	122.0000		-0.2612		
	123.0000		-0.2618		
	124.0000		-0.2602		
	125.0000		-0.2573		
	126.0000		-0.2553		
	127.0000		-0.2518		
	128.0000		-0.2502		
	129.0000		-0.2479		
	130.0000		-0.2473		
	131.0000		-0.2491		
	132.0000		-0.2485		
	133.0000		-0.2447		
	134.0000		-0.2447		
	135.0000		-0.2420		
	136.0000		-0.2420		
	137.0000		-0.2420		
	138.0000		-0.2414		
	139.0000		-0.2389		
	140.0000		-0.2379		
	141.0000		-0.2397		
	142.0000		-0.2370		
	143.0000		-0.2360		
	144.0000		-0.2360		
	145.0000		-0.2323		
	146.0000		-0.2314		
	147.0000		-0.2310		
	148.0000		-0.2341		
	149.0000		-0.2356		
	150.0000		-0.2357		
	151.0000		-0.2326		
	152.0000		-0.2316		
	153.0000		-0.2326		
	154.0000		-0.2341		
	155.0000		-0.2320		
	156.0000		-0.2312		
	157.0000		-0.2320		
	158.0000		-0.2351		
	159.0000		-0.2376		
	160.0000		-0.2400		
	161.0000		-0.2400		
	162.0000		-0.2373		
	163.0000		-0.2370		
	164.0000		-0.2370		
	165.0000		-0.2370		
	166.0000		-0.2370		
	167.0000		-0.2340		
	168.0000		-0.2344		
	169.0000		-0.2352		
	170.0000		-0.2368		
	171.0000		-0.2379		
	172.0000		-0.2400		
	173.0000		-0.2402		
	174.0000		-0.2402		
	175.0000		-0.2379		
	176.0000		-0.2370		
	177.0000		-0.2370		
	178.0000		-0.2370		
	179.0000		-0.2352		
	180.0000		-0.2346		
	181.0000		-0.2329		
	182.0000		-0.2318		
	183.0000		-0.2314		
	184.0000		-0.2341		
	185.0000		-0.2347		
	186.0000		-0.2326		
	187.0000		-0.2312		
	188.0000		-0.2327		
	189.0000		-0.2335		
	190.0000		-0.2341		
	191.0000		-0.2320		
	192.0000		-0.2341		
	193.0000		-0.2350		
	194.0000		-0.2368		
	195.0000		-0.2391		
	196.0000		-0.2397		
	197.0000		-0.2397		
	198.0000		-0.2400		
	199.0000		-0.2391		
	200.0000		-0.2391		
	201.0000		-0.2382		
	202.0000		-0.2391		
	203.0000		-0.2370		
	204.0000		-0.2382		
	205.0000		-0.2373		
	206.0000		-0.2366		
	207.0000		-0.2366		
	208.0000		-0.2376		
	209.0000		-0.2394		
	210.0000		-0.2388		
	211.0000		-0.2400		
	212.0000		-0.2402		
	213.0000		-0.2215		
	214.0000		-0.1754		
	215.0000		-0.1849		
	216.0000		-0.1984		
	217.0000		-0.2094		
	218.0000		-0.2195		
	219.0000		-0.2282		
	220.0000		-0.2324		
	221.0000		-0.2369		
	222.0000		-0.2408		
	223.0000		-0.2416		
	224.0000		-0.2420		
	225.0000		-0.2417		
	226.0000		-0.2388		
	227.0000		-0.2370		
	228.0000		-0.2347		
	229.0000		-0.2312		
	230.0000		-0.2263		
	231.0000		-0.2250		
	232.0000		-0.2225		
	233.0000		-0.2170		
	234.0000		-0.2129		
	235.0000		-0.2108		
	236.0000		-0.2100		
	237.0000		-0.2100		
	238.0000		-0.2100		
	239.0000		-0.2106		
	240.0000		-0.2118		
	241.0000		-0.2108		
	242.0000		-0.2102		
	243.0000		-0.2116		
	244.0000		-0.2120		
	245.0000		-0.2118		
	246.0000		-0.2112		
	247.0000		-0.2135		
	248.0000		-0.2147		
	249.0000		-0.2147		
	250.0000		-0.2150		
	251.0000		-0.2160		
	252.0000		-0.2170		
	253.0000		-0.2176		
	254.0000		-0.2182		
	255.0000		-0.2190		
	256.0000		-0.2220		
	257.0000		-0.2216		
	258.0000		-0.2185		
	259.0000		-0.2170		
	260.0000		-0.2171		
	261.0000		-0.2158		
	262.0000		-0.2158		
	263.0000		-0.2170		
	264.0000		-0.2170		
	265.0000		-0.2150		
	266.0000		-0.2132		
	267.0000		-0.2104		
	268.0000		-0.2102		
	269.0000		-0.2119		
	270.0000		-0.2120		
	271.0000		-0.2120		
	272.0000		-0.2116		
	273.0000		-0.2129		
	274.0000		-0.2129		
	275.0000		-0.2150		
	276.0000		-0.2154		
	277.0000		-0.2170		
	278.0000		-0.2176		
	279.0000		-0.2170		
	280.0000		-0.2162		
	281.0000		-0.2150		
	282.0000		-0.2150		
	283.0000		-0.2188		
	284.0000		-0.2202		
	285.0000		-0.2194		
	286.0000		-0.2185		
	287.0000		-0.2185		
	288.0000		-0.2197		
	289.0000		-0.2200		
	290.0000		-0.2191		
	291.0000		-0.2153		
	292.0000		-0.2108		
	293.0000		-0.2082		
	294.0000		-0.2088		
	295.0000		-0.2085		
	296.0000		-0.2079		
	297.0000		-0.2070		
	298.0000		-0.2060		
	299.0000		-0.2064		
	300.0000		-0.2058		
	301.0000		-0.2066		
	302.0000		-0.2076		
	303.0000		-0.2097		
	304.0000		-0.2088		
	305.0000		-0.2100		
	306.0000		-0.2119		
	307.0000		-0.2126		
	308.0000		-0.2158		
	309.0000		-0.2160		
	310.0000		-0.2127		
	311.0000		-0.2102		
	312.0000		-0.2112		
	313.0000		-0.2114		
	314.0000		-0.2118		
	315.0000		-0.2114		
	316.0000		-0.2102		
	317.0000		-0.2085		
	318.0000		-0.2082		
	319.0000		-0.2094		
	320.0000		-0.2091		
	321.0000		-0.2062		
	322.0000		-0.2021		
	323.0000		-0.2000		
	324.0000		-0.2018		
	325.0000		-0.2058		
	326.0000		-0.2104		
	327.0000		-0.2132		
	328.0000		-0.2162		
	329.0000		-0.2210		
	330.0000		-0.2206		
	331.0000		-0.2220		
	332.0000		-0.2210		
	333.0000		-0.2212		
	334.0000		-0.2200		
	335.0000		-0.2210		
	336.0000		-0.2216		
	337.0000		-0.2220		
	338.0000		-0.2220		
	339.0000		-0.2254		
	340.0000		-0.2256		
	341.0000		-0.2258		
	342.0000		-0.2300		
	343.0000		-0.2300		
	344.0000		-0.2300		
	345.0000		-0.2300		
	346.0000		-0.2297		
	347.0000		-0.2262		
	348.0000		-0.2250		
	349.0000		-0.2266		
	350.0000		-0.2270		
	351.0000		-0.2288		
	352.0000		-0.2282		
	353.0000		-0.2279		
	354.0000		-0.2270		
	355.0000		-0.2279		
	356.0000		-0.2279		
	357.0000		-0.2270		
	358.0000		-0.2270		
	359.0000		-0.2266		
	360.0000		-0.2270		
	361.0000		-0.2276		
	362.0000		-0.2270		
	363.0000		-0.2260		
	364.0000		-0.2266		
	365.0000		-0.2256		
	366.0000		-0.2238		
	367.0000		-0.2244		
	368.0000		-0.2220		
	369.0000		-0.2253		
	370.0000		-0.2258		
	371.0000		-0.2275		
	372.0000		-0.2276		
	373.0000		-0.2270		
	374.0000		-0.2270		
	375.0000		-0.2276		
	376.0000		-0.2279		
	377.0000		-0.2268		
	378.0000		-0.2270		
	379.0000		-0.2270		
	380.0000		-0.2262		
	381.0000		-0.2254		
	382.0000		-0.2256		
	383.0000		-0.2270		
	384.0000		-0.2256		
	385.0000		-0.2241		
	386.0000		-0.2224		
	387.0000		-0.2200		
	388.0000		-0.2191		
	389.0000		-0.2200		
	390.0000		-0.2194		
	391.0000		-0.2140		
	392.0000		-0.2076		
	393.0000		-0.2114		
	394.0000		-0.2143		
	395.0000		-0.2171		
	396.0000		-0.2198		
	397.0000		-0.2249		
	398.0000		-0.2244		
	399.0000		-0.2250		
	400.0000		-0.2250		
	401.0000		-0.2250		
	402.0000		-0.2250		
	403.0000		-0.2247		
	404.0000		-0.2250		
	405.0000		-0.2241		
	406.0000		-0.2241		
	407.0000		-0.2262		
	408.0000		-0.2270		
	409.0000		-0.2225		
	410.0000		-0.2166		
	411.0000		-0.2129		
	412.0000		-0.2118		
	413.0000		-0.2118		
	414.0000		-0.2138		
	415.0000		-0.2158		
	416.0000		-0.2197		
	417.0000		-0.2200		
	418.0000		-0.2206		
	419.0000		-0.2200		
	420.0000		-0.2170		
	421.0000		-0.2179		
	422.0000		-0.2179		
	423.0000		-0.2185		
	424.0000		-0.2206		
	425.0000		-0.2220		
	426.0000		-0.2244		
	427.0000		-0.2229		
	428.0000		-0.2218		
	429.0000		-0.2220		
	430.0000		-0.2220		
	431.0000		-0.2220		
	432.0000		-0.2223		
	433.0000		-0.2229		
	434.0000		-0.2254		
	435.0000		-0.2252		
	436.0000		-0.2250		
	437.0000		-0.2244		
	438.0000		-0.2235		
	439.0000		-0.2258		
	440.0000		-0.2246		
	441.0000		-0.2229		
	442.0000		-0.2251		
	443.0000		-0.2247		
	444.0000		-0.2255		
	445.0000		-0.2249		
	446.0000		-0.2214		
	447.0000		-0.2208		
	448.0000		-0.2202		
	449.0000		-0.2206		
	450.0000		-0.2220		
	451.0000		-0.2244		
	452.0000		-0.2235		
	453.0000		-0.2216		
	454.0000		-0.2185		
	455.0000		-0.2170		
	456.0000		-0.2158		
	457.0000		-0.2118		
	458.0000		-0.2070		
	459.0000		-0.2060		
	460.0000		-0.2026		
	461.0000		-0.1967		
	462.0000		-0.1932		
	463.0000		-0.1932		
	464.0000		-0.1950		
	465.0000		-0.1941		
	466.0000		-0.1929		
	467.0000		-0.1932		
	468.0000		-0.1923		
	469.0000		-0.1938		
	470.0000		-0.1941		
	471.0000		-0.1964		
	472.0000		-0.1966		
	473.0000		-0.1970		
	474.0000		-0.1952		
	475.0000		-0.1950		
	476.0000		-0.1920		
	477.0000		-0.1941		
	478.0000		-0.1950		
	479.0000		-0.1952		
	480.0000		-0.1938		
	481.0000		-0.1950		
	482.0000		-0.1958		
	483.0000		-0.1982		
	484.0000		-0.2002		
	485.0000		-0.2023		
	486.0000		-0.2020		
	487.0000		-0.2057		
	488.0000		-0.2124		
	489.0000		-0.2150		
	490.0000		-0.2162		
	491.0000		-0.2173		
	492.0000		-0.2210		
	493.0000		-0.2245		
	494.0000		-0.2270		
	495.0000		-0.2266		
	496.0000		-0.2268		
	497.0000		-0.2273		
	498.0000		-0.2299		
	499.0000		-0.2320		
	500.0000		-0.2314		
	501.0000		-0.2302		
	502.0000		-0.2298		
	503.0000		-0.2316		
	504.0000		-0.2300		
	505.0000		-0.2272		
	506.0000		-0.2270		
	507.0000		-0.2262		
	508.0000		-0.2270		
	509.0000		-0.2268		
	510.0000		-0.2270		
	511.0000		-0.2270		
	512.0000		-0.2270		
	513.0000		-0.2297		
	514.0000		-0.2279		
	515.0000		-0.2279		
	516.0000		-0.2264		
	517.0000		-0.2276		
	518.0000		-0.2279		
	519.0000		-0.2276		
	520.0000		-0.2262		
	521.0000		-0.2256		
	522.0000		-0.2254		
	523.0000		-0.2268		
	524.0000		-0.2270		
	525.0000		-0.2255		
	526.0000		-0.2249		
	527.0000		-0.2252		
	528.0000		-0.2260		
	529.0000		-0.2249		
	530.0000		-0.2266		
	531.0000		-0.2266		
	532.0000		-0.2249		
	533.0000		-0.2244		
	534.0000		-0.2257		
	535.0000		-0.2258		
	536.0000		-0.2266		
	537.0000		-0.2273		
	538.0000		-0.2282		
	539.0000		-0.2273		
	540.0000		-0.2264		
	541.0000		-0.2250		
	542.0000		-0.2249		
	543.0000		-0.2256		
	544.0000		-0.2276		
	545.0000		-0.2300		
	546.0000		-0.2312		
	547.0000		-0.2323		
	548.0000		-0.2316		
	549.0000		-0.2297		
	550.0000		-0.2306		
	551.0000		-0.2302		
	552.0000		-0.2300		
	553.0000		-0.2276		
	554.0000		-0.2314		
	555.0000		-0.2314		
	556.0000		-0.2300		
	557.0000		-0.2314		
	558.0000		-0.2329		
	559.0000		-0.2341		
	560.0000		-0.2362		
	561.0000		-0.2368		
	562.0000		-0.2366		
	563.0000		-0.2354		
	564.0000		-0.2321		
	565.0000		-0.2314		
	566.0000		-0.2302		
	567.0000		-0.2291		
	568.0000		-0.2310		
	569.0000		-0.2302		
	570.0000		-0.2300		
	571.0000		-0.2282		
	572.0000		-0.2291		
	573.0000		-0.2288		
	574.0000		-0.2290		
	575.0000		-0.2308		
	576.0000		-0.2295		
	577.0000		-0.2297		
	578.0000		-0.2288		
	579.0000		-0.2270		
	580.0000		-0.2268		
	581.0000		-0.2251		
	582.0000		-0.2276		
	583.0000		-0.2300		
	584.0000		-0.2312		
	585.0000		-0.2306		
	586.0000		-0.2297		
	587.0000		-0.2276		
	588.0000		-0.2276		
	589.0000		-0.2268		
	590.0000		-0.2256		
	591.0000		-0.2260		
	592.0000		-0.2251		
	593.0000		-0.2223		
	594.0000		-0.2203		
	595.0000		-0.2173		
	596.0000		-0.2204		
	597.0000		-0.2214		
	598.0000		-0.2212		
	599.0000		-0.2202		
	600.0000		-0.2204		
	601.0000		-0.2216		
	602.0000		-0.2220		
	603.0000		-0.2238		
	604.0000		-0.2220		
	605.0000		-0.2238		
	606.0000		-0.2249		
	607.0000		-0.2260		
	608.0000		-0.2266		
	609.0000		-0.2277		
	610.0000		-0.2279		
	611.0000		-0.2264		
	612.0000		-0.2223		
	613.0000		-0.2185		
	614.0000		-0.2210		
	615.0000		-0.2239		
	616.0000		-0.2279		
	617.0000		-0.2305		
	618.0000		-0.2323		
	619.0000		-0.2326		
	620.0000		-0.2355		
	621.0000		-0.2376		
	622.0000		-0.2366		
	623.0000		-0.2370		
	624.0000		-0.2370		
	625.0000		-0.2370		
	626.0000		-0.2376		
	627.0000		-0.2390		
	628.0000		-0.2416		
	629.0000		-0.2441		
	630.0000		-0.2450		
	631.0000		-0.2450		
	632.0000		-0.2450		
	633.0000		-0.2450		
	634.0000		-0.2454		
	635.0000		-0.2471		
	636.0000		-0.2482		
	637.0000		-0.2450		
	638.0000		-0.2468		
	639.0000		-0.2488		
	640.0000		-0.2473		
	641.0000		-0.2494		
	642.0000		-0.2464		
	643.0000		-0.2466		
	644.0000		-0.2450		
	645.0000		-0.2432		
	646.0000		-0.2458		
	647.0000		-0.2456		
	648.0000		-0.2450		
	649.0000		-0.2450		
	650.0000		-0.2426		
	651.0000		-0.2408		
	652.0000		-0.2436		
	653.0000		-0.2450		
	654.0000		-0.2466		
	655.0000		-0.2458		
	656.0000		-0.2450		
	657.0000		-0.2452		
	658.0000		-0.2458		
	659.0000		-0.2470		
	660.0000		-0.2473		
	661.0000		-0.2454		
	662.0000		-0.2450		
	663.0000		-0.2450		
	664.0000		-0.2452		
	665.0000		-0.2441		
	666.0000		-0.2466		
	667.0000		-0.2485		
	668.0000		-0.2497		
	669.0000		-0.2500		
	670.0000		-0.2502		
	671.0000		-0.2518		
	672.0000		-0.2520		
	673.0000		-0.2523		
	674.0000		-0.2535		
	675.0000		-0.2535		
	676.0000		-0.2538		
	677.0000		-0.2526		
	678.0000		-0.2512		
	679.0000		-0.2506		
	680.0000		-0.2514		
	681.0000		-0.2520		
	682.0000		-0.2520		
	683.0000		-0.2532		
	684.0000		-0.2554		
	685.0000		-0.2566		
	686.0000		-0.2562		
	687.0000		-0.2552		
	688.0000		-0.2552		
	689.0000		-0.2570		
	690.0000		-0.2592		
	691.0000		-0.2620		
	692.0000		-0.2623		
	693.0000		-0.2626		
	694.0000		-0.2620		
	695.0000		-0.2620		
	696.0000		-0.2610		
	697.0000		-0.2614		
	698.0000		-0.2602		
	699.0000		-0.2600		
	700.0000		-0.2604		
	701.0000		-0.2629		
	702.0000		-0.2644		
	703.0000		-0.2620		
	704.0000		-0.2620		
	705.0000		-0.2618		
	706.0000		-0.2606		
	707.0000		-0.2600		
	708.0000		-0.2597		
	709.0000		-0.2608		
	710.0000		-0.2618		
	711.0000		-0.2632		
	712.0000		-0.2620		
	713.0000		-0.2620		
	714.0000		-0.2620		
	715.0000		-0.2593		
	716.0000		-0.2568		
	717.0000		-0.2585		
	718.0000		-0.2567		
	719.0000		-0.2570		
	720.0000		-0.2566		
	721.0000		-0.2544		
	722.0000		-0.2547		
	723.0000		-0.2550		
	724.0000		-0.2541		
	725.0000		-0.2529		
	726.0000		-0.2542		
	727.0000		-0.2554		
	728.0000		-0.2504		
	729.0000		-0.2464		
	730.0000		-0.2450		
	731.0000		-0.2454		
	732.0000		-0.2438		
	733.0000		-0.2423		
	734.0000		-0.2429		
	735.0000		-0.2410		
	736.0000		-0.2391		
	737.0000		-0.2322		
	738.0000		-0.2264		
	739.0000		-0.2249		
	740.0000		-0.2229		
	741.0000		-0.2241		
	742.0000		-0.2241		
	743.0000		-0.2229		
	744.0000		-0.2226		
	745.0000		-0.2220		
	746.0000		-0.2220		
	747.0000		-0.2216		
	748.0000		-0.2220		
	749.0000		-0.2220		
	750.0000		-0.2214		
	751.0000		-0.2256		
	752.0000		-0.2241		
	753.0000		-0.2214		
	754.0000		-0.2169		
	755.0000		-0.2141		
	756.0000		-0.2166		
	757.0000		-0.2200		
	758.0000		-0.2224		
	759.0000		-0.2260		
	760.0000		-0.2282		
	761.0000		-0.2285		
	762.0000		-0.2268		
	763.0000		-0.2262		
	764.0000		-0.2270		
	765.0000		-0.2279		
	766.0000		-0.2312		
	767.0000		-0.2341		
	768.0000		-0.2350		
	769.0000		-0.2352		
	770.0000		-0.2350		
	771.0000		-0.2350		
	772.0000		-0.2326		
	773.0000		-0.2320		
	774.0000		-0.2316		
	775.0000		-0.2314		
	776.0000		-0.2321		
	777.0000		-0.2341		
	778.0000		-0.2338		
	779.0000		-0.2318		
	780.0000		-0.2300		
	781.0000		-0.2318		
	782.0000		-0.2312		
	783.0000		-0.2300		
	784.0000		-0.2300		
	785.0000		-0.2300		
	786.0000		-0.2288		
	787.0000		-0.2273		
	788.0000		-0.2270		
	789.0000		-0.2301		
	790.0000		-0.2320		
	791.0000		-0.2306		
	792.0000		-0.2300		
	793.0000		-0.2300		
	794.0000		-0.2299		
	795.0000		-0.2300		
	796.0000		-0.2297		
	797.0000		-0.2273		
	798.0000		-0.2276		
	799.0000		-0.2297		
	800.0000		-0.2282		
	801.0000		-0.2300		
	802.0000		-0.2288		
	803.0000		-0.2282		
	804.0000		-0.2282		
	805.0000		-0.2273		
	806.0000		-0.2270		
	807.0000		-0.2273		
	808.0000		-0.2285		
	809.0000		-0.2302		
	810.0000		-0.2300		
	811.0000		-0.2308		
	812.0000		-0.2304		
	813.0000		-0.2300		
	814.0000		-0.2294		
	815.0000		-0.2314		
	816.0000		-0.2318		
	817.0000		-0.2310		
	818.0000		-0.2304		
	819.0000		-0.2312		
	820.0000		-0.2320		
	821.0000		-0.2312		
	822.0000		-0.2323		
	823.0000		-0.2341		
	824.0000		-0.2352		
	825.0000		-0.2366		
	826.0000		-0.2370		
	827.0000		-0.2344		
	828.0000		-0.2318		
	829.0000		-0.2306		
	830.0000		-0.2320		
	831.0000		-0.2318		
	832.0000		-0.2320		
	833.0000		-0.2351		
	834.0000		-0.2356		
	835.0000		-0.2335		
	836.0000		-0.2364		
	837.0000		-0.2341		
	838.0000		-0.2332		
	839.0000		-0.2314		
	840.0000		-0.2312		
	841.0000		-0.2276		
	842.0000		-0.2285		
	843.0000		-0.2306		
	844.0000		-0.2302		
	845.0000		-0.2273		
	846.0000		-0.2268		
	847.0000		-0.2270		
	848.0000		-0.2294		
	849.0000		-0.2302		
	850.0000		-0.2318		
	851.0000		-0.2318		
	852.0000		-0.2302		
	853.0000		-0.2308		
	854.0000		-0.2310		
	855.0000		-0.2285		
	856.0000		-0.2282		
	857.0000		-0.2273		
	858.0000		-0.2297		
	859.0000		-0.2300		
	860.0000		-0.2302		
	861.0000		-0.2300		
	862.0000		-0.2300		
	863.0000		-0.2310		
	864.0000		-0.2300		
	865.0000		-0.2308		
	866.0000		-0.2304		
	867.0000		-0.2288		
	868.0000		-0.2291		
	869.0000		-0.2300		
	870.0000		-0.2291		
	871.0000		-0.2270		
	872.0000		-0.2270		
	873.0000		-0.2291		
	874.0000		-0.2310		
	875.0000		-0.2316		
	876.0000		-0.2308		
	877.0000		-0.2314		
	878.0000		-0.2332		
	879.0000		-0.2332		
	880.0000		-0.2332		
	881.0000		-0.2320		
	882.0000		-0.2323		
	883.0000		-0.2320		
	884.0000		-0.2296		
	885.0000		-0.2276		
	886.0000		-0.2270		
	887.0000		-0.2279		
	888.0000		-0.2270		
	889.0000		-0.2270		
	890.0000		-0.2264		
	891.0000		-0.2264		
	892.0000		-0.2290		
	893.0000		-0.2304		
	894.0000		-0.2308		
	895.0000		-0.2318		
	896.0000		-0.2298		
	897.0000		-0.2288		
	898.0000		-0.2288		
	899.0000		-0.2276		
END
