IGOR
X| Sat Jul 22 21:06:44 2017
X|   0.000000000000 0 X|
X|   0.000000000000 0 X|
X|   0.000000000000 0 X|
X|   0.000000000000 0 X|
X| data_type 	 num_points 	 num_chans 	 shots_per_read 	 reads_per_point 	 num_sweeps
X|      0   			  900   		     1    		   30  		    10     			   1
WAVES	  XDATA  Z1DATA	 
BEGIN
	0.0000		-0.3000		
	1.0000		-0.3020		
	2.0000		-0.2946		
	3.0000		-0.2828		
	4.0000		-0.2715		
	5.0000		-0.2675		
	6.0000		-0.2701		
	7.0000		-0.2655		
	8.0000		-0.2664		
	9.0000		-0.2656		
	10.0000		-0.2646		
	11.0000		-0.2637		
	12.0000		-0.2567		
	13.0000		-0.1987		
	14.0000		0.0722		
	15.0000		0.0449		
	16.0000		-0.0277		
	17.0000		-0.0955		
	18.0000		-0.1435		
	19.0000		-0.1779		
	20.0000		-0.2006		
	21.0000		-0.2228		
	22.0000		-0.2342		
	23.0000		-0.2414		
	24.0000		-0.2500		
	25.0000		-0.2585		
	26.0000		-0.2582		
	27.0000		-0.2571		
	28.0000		-0.2533		
	29.0000		-0.2494		
	30.0000		-0.2508		
	31.0000		-0.2546		
	32.0000		-0.2594		
	33.0000		-0.2572		
	34.0000		-0.2630		
	35.0000		-0.2613		
	36.0000		-0.2717		
	37.0000		-0.2635		
	38.0000		-0.2636		
	39.0000		-0.2729		
	40.0000		-0.2691		
	41.0000		-0.2563		
	42.0000		-0.2583		
	43.0000		-0.2622		
	44.0000		-0.2664		
	45.0000		-0.2613		
	46.0000		-0.2536		
	47.0000		-0.2543		
	48.0000		-0.2509		
	49.0000		-0.2489		
	50.0000		-0.2503		
	51.0000		-0.2502		
	52.0000		-0.2455		
	53.0000		-0.2493		
	54.0000		-0.2551		
	55.0000		-0.2524		
	56.0000		-0.2495		
	57.0000		-0.2533		
	58.0000		-0.2530		
	59.0000		-0.2480		
	60.0000		-0.2488		
	61.0000		-0.2474		
	62.0000		-0.2515		
	63.0000		-0.2567		
	64.0000		-0.2545		
	65.0000		-0.2505		
	66.0000		-0.2482		
	67.0000		-0.2445		
	68.0000		-0.2523		
	69.0000		-0.2581		
	70.0000		-0.2586		
	71.0000		-0.2542		
	72.0000		-0.2549		
	73.0000		-0.2585		
	74.0000		-0.2577		
	75.0000		-0.2525		
	76.0000		-0.2568		
	77.0000		-0.2543		
	78.0000		-0.2552		
	79.0000		-0.2562		
	80.0000		-0.2546		
	81.0000		-0.2464		
	82.0000		-0.2465		
	83.0000		-0.2498		
	84.0000		-0.2527		
	85.0000		-0.2476		
	86.0000		-0.2495		
	87.0000		-0.2487		
	88.0000		-0.2511		
	89.0000		-0.2513		
	90.0000		-0.2630		
	91.0000		-0.2721		
	92.0000		-0.2691		
	93.0000		-0.2645		
	94.0000		-0.2599		
	95.0000		-0.2622		
	96.0000		-0.2601		
	97.0000		-0.2632		
	98.0000		-0.2591		
	99.0000		-0.2634		
	100.0000		-0.2602		
	101.0000		-0.2617		
	102.0000		-0.2589		
	103.0000		-0.2562		
	104.0000		-0.2558		
	105.0000		-0.2619		
	106.0000		-0.2640		
	107.0000		-0.2655		
	108.0000		-0.2699		
	109.0000		-0.2684		
	110.0000		-0.2618		
	111.0000		-0.2549		
	112.0000		-0.2528		
	113.0000		-0.2501		
	114.0000		-0.2532		
	115.0000		-0.2527		
	116.0000		-0.2479		
	117.0000		-0.2496		
	118.0000		-0.2510		
	119.0000		-0.2535		
	120.0000		-0.2504		
	121.0000		-0.2479		
	122.0000		-0.2560		
	123.0000		-0.2555		
	124.0000		-0.2531		
	125.0000		-0.2463		
	126.0000		-0.2501		
	127.0000		-0.2550		
	128.0000		-0.2540		
	129.0000		-0.2568		
	130.0000		-0.2602		
	131.0000		-0.2602		
	132.0000		-0.2601		
	133.0000		-0.2635		
	134.0000		-0.2602		
	135.0000		-0.2590		
	136.0000		-0.2595		
	137.0000		-0.2597		
	138.0000		-0.2546		
	139.0000		-0.2514		
	140.0000		-0.2484		
	141.0000		-0.2492		
	142.0000		-0.2472		
	143.0000		-0.2469		
	144.0000		-0.2568		
	145.0000		-0.2608		
	146.0000		-0.2591		
	147.0000		-0.2562		
	148.0000		-0.2567		
	149.0000		-0.2569		
	150.0000		-0.2528		
	151.0000		-0.2584		
	152.0000		-0.2632		
	153.0000		-0.2507		
	154.0000		-0.2496		
	155.0000		-0.2469		
	156.0000		-0.2470		
	157.0000		-0.2532		
	158.0000		-0.2569		
	159.0000		-0.2512		
	160.0000		-0.2504		
	161.0000		-0.2504		
	162.0000		-0.2488		
	163.0000		-0.2565		
	164.0000		-0.2678		
	165.0000		-0.2700		
	166.0000		-0.2594		
	167.0000		-0.2566		
	168.0000		-0.2533		
	169.0000		-0.2518		
	170.0000		-0.2586		
	171.0000		-0.2570		
	172.0000		-0.2560		
	173.0000		-0.2610		
	174.0000		-0.2595		
	175.0000		-0.2619		
	176.0000		-0.2604		
	177.0000		-0.2531		
	178.0000		-0.2519		
	179.0000		-0.2529		
	180.0000		-0.2567		
	181.0000		-0.2587		
	182.0000		-0.2618		
	183.0000		-0.2632		
	184.0000		-0.2702		
	185.0000		-0.2689		
	186.0000		-0.2612		
	187.0000		-0.2556		
	188.0000		-0.2588		
	189.0000		-0.2590		
	190.0000		-0.2552		
	191.0000		-0.2551		
	192.0000		-0.2577		
	193.0000		-0.2575		
	194.0000		-0.2576		
	195.0000		-0.2594		
	196.0000		-0.2634		
	197.0000		-0.2617		
	198.0000		-0.2589		
	199.0000		-0.2554		
	200.0000		-0.2557		
	201.0000		-0.2565		
	202.0000		-0.2447		
	203.0000		-0.2462		
	204.0000		-0.2491		
	205.0000		-0.2498		
	206.0000		-0.2497		
	207.0000		-0.2518		
	208.0000		-0.2499		
	209.0000		-0.2458		
	210.0000		-0.2445		
	211.0000		-0.2426		
	212.0000		-0.2395		
	213.0000		-0.2467		
	214.0000		-0.2526		
	215.0000		-0.2538		
	216.0000		-0.2635		
	217.0000		-0.2724		
	218.0000		-0.2795		
	219.0000		-0.2770		
	220.0000		-0.2698		
	221.0000		-0.2665		
	222.0000		-0.2628		
	223.0000		-0.2697		
	224.0000		-0.2692		
	225.0000		-0.2693		
	226.0000		-0.2700		
	227.0000		-0.2754		
	228.0000		-0.2782		
	229.0000		-0.2767		
	230.0000		-0.2718		
	231.0000		-0.2672		
	232.0000		-0.2593		
	233.0000		-0.2560		
	234.0000		-0.2535		
	235.0000		-0.2575		
	236.0000		-0.2597		
	237.0000		-0.2543		
	238.0000		-0.2534		
	239.0000		-0.2596		
	240.0000		-0.2622		
	241.0000		-0.2580		
	242.0000		-0.2603		
	243.0000		-0.2613		
	244.0000		-0.2637		
	245.0000		-0.2655		
	246.0000		-0.2650		
	247.0000		-0.2644		
	248.0000		-0.2573		
	249.0000		-0.2556		
	250.0000		-0.2621		
	251.0000		-0.2572		
	252.0000		-0.2608		
	253.0000		-0.2591		
	254.0000		-0.2684		
	255.0000		-0.2677		
	256.0000		-0.2624		
	257.0000		-0.2627		
	258.0000		-0.2667		
	259.0000		-0.2700		
	260.0000		-0.2671		
	261.0000		-0.2673		
	262.0000		-0.2648		
	263.0000		-0.2660		
	264.0000		-0.2615		
	265.0000		-0.2620		
	266.0000		-0.2616		
	267.0000		-0.2588		
	268.0000		-0.2580		
	269.0000		-0.2500		
	270.0000		-0.2526		
	271.0000		-0.2499		
	272.0000		-0.2460		
	273.0000		-0.2447		
	274.0000		-0.2413		
	275.0000		-0.2455		
	276.0000		-0.2572		
	277.0000		-0.2587		
	278.0000		-0.2523		
	279.0000		-0.2539		
	280.0000		-0.2442		
	281.0000		-0.2440		
	282.0000		-0.2472		
	283.0000		-0.2404		
	284.0000		-0.2416		
	285.0000		-0.2468		
	286.0000		-0.2570		
	287.0000		-0.2622		
	288.0000		-0.2609		
	289.0000		-0.2576		
	290.0000		-0.2559		
	291.0000		-0.2613		
	292.0000		-0.2614		
	293.0000		-0.2555		
	294.0000		-0.2535		
	295.0000		-0.2494		
	296.0000		-0.2472		
	297.0000		-0.2497		
	298.0000		-0.2574		
	299.0000		-0.2612		
	300.0000		-0.2617		
	301.0000		-0.2622		
	302.0000		-0.2606		
	303.0000		-0.2648		
	304.0000		-0.2757		
	305.0000		-0.2718		
	306.0000		-0.2636		
	307.0000		-0.2593		
	308.0000		-0.2554		
	309.0000		-0.2507		
	310.0000		-0.2495		
	311.0000		-0.2439		
	312.0000		-0.2435		
	313.0000		-0.2479		
	314.0000		-0.2485		
	315.0000		-0.2450		
	316.0000		-0.2513		
	317.0000		-0.2493		
	318.0000		-0.2496		
	319.0000		-0.2515		
	320.0000		-0.2519		
	321.0000		-0.2495		
	322.0000		-0.2495		
	323.0000		-0.2558		
	324.0000		-0.2522		
	325.0000		-0.2503		
	326.0000		-0.2449		
	327.0000		-0.2480		
	328.0000		-0.2534		
	329.0000		-0.2588		
	330.0000		-0.2608		
	331.0000		-0.2689		
	332.0000		-0.2674		
	333.0000		-0.2622		
	334.0000		-0.2542		
	335.0000		-0.2615		
	336.0000		-0.2614		
	337.0000		-0.2569		
	338.0000		-0.2550		
	339.0000		-0.2553		
	340.0000		-0.2525		
	341.0000		-0.2508		
	342.0000		-0.2543		
	343.0000		-0.2533		
	344.0000		-0.2510		
	345.0000		-0.2507		
	346.0000		-0.2543		
	347.0000		-0.2565		
	348.0000		-0.2573		
	349.0000		-0.2514		
	350.0000		-0.2494		
	351.0000		-0.2535		
	352.0000		-0.2536		
	353.0000		-0.2567		
	354.0000		-0.2586		
	355.0000		-0.2515		
	356.0000		-0.2478		
	357.0000		-0.2593		
	358.0000		-0.2612		
	359.0000		-0.2574		
	360.0000		-0.2491		
	361.0000		-0.2555		
	362.0000		-0.2594		
	363.0000		-0.2633		
	364.0000		-0.2543		
	365.0000		-0.2533		
	366.0000		-0.2433		
	367.0000		-0.2515		
	368.0000		-0.2507		
	369.0000		-0.2464		
	370.0000		-0.2418		
	371.0000		-0.2412		
	372.0000		-0.2423		
	373.0000		-0.2378		
	374.0000		-0.2386		
	375.0000		-0.2432		
	376.0000		-0.2350		
	377.0000		-0.2315		
	378.0000		-0.2409		
	379.0000		-0.2396		
	380.0000		-0.2367		
	381.0000		-0.2345		
	382.0000		-0.2400		
	383.0000		-0.2433		
	384.0000		-0.2454		
	385.0000		-0.2525		
	386.0000		-0.2484		
	387.0000		-0.2444		
	388.0000		-0.2431		
	389.0000		-0.2429		
	390.0000		-0.2501		
	391.0000		-0.2501		
	392.0000		-0.2532		
	393.0000		-0.2553		
	394.0000		-0.2558		
	395.0000		-0.2576		
	396.0000		-0.2589		
	397.0000		-0.2558		
	398.0000		-0.2568		
	399.0000		-0.2607		
	400.0000		-0.2478		
	401.0000		-0.2484		
	402.0000		-0.2551		
	403.0000		-0.2508		
	404.0000		-0.2404		
	405.0000		-0.2447		
	406.0000		-0.2439		
	407.0000		-0.2472		
	408.0000		-0.2503		
	409.0000		-0.2507		
	410.0000		-0.2567		
	411.0000		-0.2602		
	412.0000		-0.2558		
	413.0000		-0.2560		
	414.0000		-0.2571		
	415.0000		-0.2547		
	416.0000		-0.2660		
	417.0000		-0.2730		
	418.0000		-0.2680		
	419.0000		-0.2590		
	420.0000		-0.2572		
	421.0000		-0.2560		
	422.0000		-0.2576		
	423.0000		-0.2592		
	424.0000		-0.2604		
	425.0000		-0.2606		
	426.0000		-0.2624		
	427.0000		-0.2625		
	428.0000		-0.2603		
	429.0000		-0.2608		
	430.0000		-0.2640		
	431.0000		-0.2593		
	432.0000		-0.2555		
	433.0000		-0.2589		
	434.0000		-0.2657		
	435.0000		-0.2588		
	436.0000		-0.2569		
	437.0000		-0.2530		
	438.0000		-0.2511		
	439.0000		-0.2469		
	440.0000		-0.2508		
	441.0000		-0.2493		
	442.0000		-0.2508		
	443.0000		-0.2527		
	444.0000		-0.2491		
	445.0000		-0.2453		
	446.0000		-0.2418		
	447.0000		-0.2520		
	448.0000		-0.2520		
	449.0000		-0.2476		
	450.0000		-0.2503		
	451.0000		-0.2541		
	452.0000		-0.2521		
	453.0000		-0.2554		
	454.0000		-0.2632		
	455.0000		-0.2641		
	456.0000		-0.2628		
	457.0000		-0.2633		
	458.0000		-0.2555		
	459.0000		-0.2589		
	460.0000		-0.2594		
	461.0000		-0.2587		
	462.0000		-0.2535		
	463.0000		-0.2622		
	464.0000		-0.2695		
	465.0000		-0.2664		
	466.0000		-0.2627		
	467.0000		-0.2602		
	468.0000		-0.2569		
	469.0000		-0.2563		
	470.0000		-0.2569		
	471.0000		-0.2578		
	472.0000		-0.2575		
	473.0000		-0.2560		
	474.0000		-0.2558		
	475.0000		-0.2590		
	476.0000		-0.2676		
	477.0000		-0.2692		
	478.0000		-0.2724		
	479.0000		-0.2742		
	480.0000		-0.2675		
	481.0000		-0.2732		
	482.0000		-0.2748		
	483.0000		-0.2714		
	484.0000		-0.2700		
	485.0000		-0.2695		
	486.0000		-0.2665		
	487.0000		-0.2603		
	488.0000		-0.2543		
	489.0000		-0.2567		
	490.0000		-0.2531		
	491.0000		-0.2556		
	492.0000		-0.2556		
	493.0000		-0.2668		
	494.0000		-0.2650		
	495.0000		-0.2585		
	496.0000		-0.2569		
	497.0000		-0.2588		
	498.0000		-0.2622		
	499.0000		-0.2613		
	500.0000		-0.2601		
	501.0000		-0.2604		
	502.0000		-0.2614		
	503.0000		-0.2566		
	504.0000		-0.2535		
	505.0000		-0.2592		
	506.0000		-0.2638		
	507.0000		-0.2686		
	508.0000		-0.2662		
	509.0000		-0.2701		
	510.0000		-0.2650		
	511.0000		-0.2604		
	512.0000		-0.2662		
	513.0000		-0.2617		
	514.0000		-0.2560		
	515.0000		-0.2517		
	516.0000		-0.2514		
	517.0000		-0.2592		
	518.0000		-0.2561		
	519.0000		-0.2470		
	520.0000		-0.2413		
	521.0000		-0.2395		
	522.0000		-0.2453		
	523.0000		-0.2535		
	524.0000		-0.2538		
	525.0000		-0.2538		
	526.0000		-0.2638		
	527.0000		-0.2627		
	528.0000		-0.2589		
	529.0000		-0.2549		
	530.0000		-0.2522		
	531.0000		-0.2575		
	532.0000		-0.2577		
	533.0000		-0.2504		
	534.0000		-0.2514		
	535.0000		-0.2508		
	536.0000		-0.2519		
	537.0000		-0.2590		
	538.0000		-0.2572		
	539.0000		-0.2518		
	540.0000		-0.2514		
	541.0000		-0.2526		
	542.0000		-0.2523		
	543.0000		-0.2552		
	544.0000		-0.2524		
	545.0000		-0.2569		
	546.0000		-0.2620		
	547.0000		-0.2552		
	548.0000		-0.2620		
	549.0000		-0.2559		
	550.0000		-0.2505		
	551.0000		-0.2530		
	552.0000		-0.2546		
	553.0000		-0.2557		
	554.0000		-0.2594		
	555.0000		-0.2522		
	556.0000		-0.2546		
	557.0000		-0.2593		
	558.0000		-0.2529		
	559.0000		-0.2557		
	560.0000		-0.2578		
	561.0000		-0.2551		
	562.0000		-0.2555		
	563.0000		-0.2574		
	564.0000		-0.2682		
	565.0000		-0.2613		
	566.0000		-0.2603		
	567.0000		-0.2575		
	568.0000		-0.2614		
	569.0000		-0.2606		
	570.0000		-0.2608		
	571.0000		-0.2585		
	572.0000		-0.2597		
	573.0000		-0.2621		
	574.0000		-0.2663		
	575.0000		-0.2652		
	576.0000		-0.2623		
	577.0000		-0.2573		
	578.0000		-0.2632		
	579.0000		-0.2647		
	580.0000		-0.2574		
	581.0000		-0.2601		
	582.0000		-0.2615		
	583.0000		-0.2597		
	584.0000		-0.2599		
	585.0000		-0.2570		
	586.0000		-0.2590		
	587.0000		-0.2637		
	588.0000		-0.2668		
	589.0000		-0.2677		
	590.0000		-0.2695		
	591.0000		-0.2644		
	592.0000		-0.2593		
	593.0000		-0.2599		
	594.0000		-0.2575		
	595.0000		-0.2574		
	596.0000		-0.2480		
	597.0000		-0.2410		
	598.0000		-0.2445		
	599.0000		-0.2519		
	600.0000		-0.2565		
	601.0000		-0.2667		
	602.0000		-0.2639		
	603.0000		-0.2619		
	604.0000		-0.2638		
	605.0000		-0.2751		
	606.0000		-0.2739		
	607.0000		-0.2771		
	608.0000		-0.2749		
	609.0000		-0.2735		
	610.0000		-0.2716		
	611.0000		-0.2640		
	612.0000		-0.2582		
	613.0000		-0.2551		
	614.0000		-0.2556		
	615.0000		-0.2572		
	616.0000		-0.2687		
	617.0000		-0.2724		
	618.0000		-0.2699		
	619.0000		-0.2677		
	620.0000		-0.2666		
	621.0000		-0.2653		
	622.0000		-0.2684		
	623.0000		-0.2695		
	624.0000		-0.2681		
	625.0000		-0.2676		
	626.0000		-0.2693		
	627.0000		-0.2737		
	628.0000		-0.2709		
	629.0000		-0.2688		
	630.0000		-0.2596		
	631.0000		-0.2652		
	632.0000		-0.2717		
	633.0000		-0.2690		
	634.0000		-0.2697		
	635.0000		-0.2702		
	636.0000		-0.2586		
	637.0000		-0.2566		
	638.0000		-0.2617		
	639.0000		-0.2589		
	640.0000		-0.2590		
	641.0000		-0.2521		
	642.0000		-0.2505		
	643.0000		-0.2526		
	644.0000		-0.2548		
	645.0000		-0.2576		
	646.0000		-0.2574		
	647.0000		-0.2646		
	648.0000		-0.2670		
	649.0000		-0.2666		
	650.0000		-0.2708		
	651.0000		-0.2695		
	652.0000		-0.2703		
	653.0000		-0.2688		
	654.0000		-0.2664		
	655.0000		-0.2636		
	656.0000		-0.2632		
	657.0000		-0.2603		
	658.0000		-0.2654		
	659.0000		-0.2638		
	660.0000		-0.2629		
	661.0000		-0.2666		
	662.0000		-0.2675		
	663.0000		-0.2713		
	664.0000		-0.2713		
	665.0000		-0.2628		
	666.0000		-0.2704		
	667.0000		-0.2784		
	668.0000		-0.2832		
	669.0000		-0.2822		
	670.0000		-0.2728		
	671.0000		-0.2765		
	672.0000		-0.2697		
	673.0000		-0.2655		
	674.0000		-0.2595		
	675.0000		-0.2661		
	676.0000		-0.2645		
	677.0000		-0.2702		
	678.0000		-0.2700		
	679.0000		-0.2638		
	680.0000		-0.2627		
	681.0000		-0.2560		
	682.0000		-0.2604		
	683.0000		-0.2607		
	684.0000		-0.2604		
	685.0000		-0.2677		
	686.0000		-0.2685		
	687.0000		-0.2672		
	688.0000		-0.2590		
	689.0000		-0.2612		
	690.0000		-0.2615		
	691.0000		-0.2616		
	692.0000		-0.2655		
	693.0000		-0.2635		
	694.0000		-0.2657		
	695.0000		-0.2721		
	696.0000		-0.2711		
	697.0000		-0.2675		
	698.0000		-0.2684		
	699.0000		-0.2669		
	700.0000		-0.2635		
	701.0000		-0.2629		
	702.0000		-0.2611		
	703.0000		-0.2568		
	704.0000		-0.2609		
	705.0000		-0.2683		
	706.0000		-0.2719		
	707.0000		-0.2725		
	708.0000		-0.2662		
	709.0000		-0.2670		
	710.0000		-0.2723		
	711.0000		-0.2722		
	712.0000		-0.2715		
	713.0000		-0.2665		
	714.0000		-0.2659		
	715.0000		-0.2659		
	716.0000		-0.2642		
	717.0000		-0.2639		
	718.0000		-0.2657		
	719.0000		-0.2620		
	720.0000		-0.2553		
	721.0000		-0.2557		
	722.0000		-0.2583		
	723.0000		-0.2590		
	724.0000		-0.2656		
	725.0000		-0.2717		
	726.0000		-0.2713		
	727.0000		-0.2670		
	728.0000		-0.2699		
	729.0000		-0.2712		
	730.0000		-0.2707		
	731.0000		-0.2701		
	732.0000		-0.2725		
	733.0000		-0.2683		
	734.0000		-0.2710		
	735.0000		-0.2723		
	736.0000		-0.2635		
	737.0000		-0.2635		
	738.0000		-0.2665		
	739.0000		-0.2746		
	740.0000		-0.2737		
	741.0000		-0.2739		
	742.0000		-0.2747		
	743.0000		-0.2739		
	744.0000		-0.2745		
	745.0000		-0.2663		
	746.0000		-0.2605		
	747.0000		-0.2542		
	748.0000		-0.2541		
	749.0000		-0.2591		
	750.0000		-0.2590		
	751.0000		-0.2633		
	752.0000		-0.2646		
	753.0000		-0.2640		
	754.0000		-0.2643		
	755.0000		-0.2679		
	756.0000		-0.2670		
	757.0000		-0.2669		
	758.0000		-0.2733		
	759.0000		-0.2747		
	760.0000		-0.2726		
	761.0000		-0.2764		
	762.0000		-0.2761		
	763.0000		-0.2716		
	764.0000		-0.2714		
	765.0000		-0.2672		
	766.0000		-0.2643		
	767.0000		-0.2625		
	768.0000		-0.2650		
	769.0000		-0.2762		
	770.0000		-0.2745		
	771.0000		-0.2740		
	772.0000		-0.2762		
	773.0000		-0.2798		
	774.0000		-0.2798		
	775.0000		-0.2716		
	776.0000		-0.2776		
	777.0000		-0.2840		
	778.0000		-0.2831		
	779.0000		-0.2853		
	780.0000		-0.2876		
	781.0000		-0.2836		
	782.0000		-0.2779		
	783.0000		-0.2749		
	784.0000		-0.2773		
	785.0000		-0.2791		
	786.0000		-0.2812		
	787.0000		-0.2818		
	788.0000		-0.2805		
	789.0000		-0.2763		
	790.0000		-0.2738		
	791.0000		-0.2771		
	792.0000		-0.2828		
	793.0000		-0.2861		
	794.0000		-0.2866		
	795.0000		-0.2870		
	796.0000		-0.2866		
	797.0000		-0.2753		
	798.0000		-0.2753		
	799.0000		-0.2700		
	800.0000		-0.2695		
	801.0000		-0.2702		
	802.0000		-0.2740		
	803.0000		-0.2733		
	804.0000		-0.2726		
	805.0000		-0.2695		
	806.0000		-0.2674		
	807.0000		-0.2671		
	808.0000		-0.2637		
	809.0000		-0.2557		
	810.0000		-0.2532		
	811.0000		-0.2539		
	812.0000		-0.2591		
	813.0000		-0.2659		
	814.0000		-0.2697		
	815.0000		-0.2730		
	816.0000		-0.2718		
	817.0000		-0.2740		
	818.0000		-0.2721		
	819.0000		-0.2734		
	820.0000		-0.2757		
	821.0000		-0.2712		
	822.0000		-0.2706		
	823.0000		-0.2701		
	824.0000		-0.2657		
	825.0000		-0.2547		
	826.0000		-0.2582		
	827.0000		-0.2634		
	828.0000		-0.2608		
	829.0000		-0.2620		
	830.0000		-0.2618		
	831.0000		-0.2621		
	832.0000		-0.2650		
	833.0000		-0.2573		
	834.0000		-0.2564		
	835.0000		-0.2550		
	836.0000		-0.2605		
	837.0000		-0.2653		
	838.0000		-0.2668		
	839.0000		-0.2666		
	840.0000		-0.2702		
	841.0000		-0.2677		
	842.0000		-0.2615		
	843.0000		-0.2694		
	844.0000		-0.2720		
	845.0000		-0.2706		
	846.0000		-0.2659		
	847.0000		-0.2622		
	848.0000		-0.2642		
	849.0000		-0.2639		
	850.0000		-0.2666		
	851.0000		-0.2638		
	852.0000		-0.2651		
	853.0000		-0.2658		
	854.0000		-0.2682		
	855.0000		-0.2709		
	856.0000		-0.2724		
	857.0000		-0.2705		
	858.0000		-0.2702		
	859.0000		-0.2663		
	860.0000		-0.2670		
	861.0000		-0.2673		
	862.0000		-0.2676		
	863.0000		-0.2684		
	864.0000		-0.2676		
	865.0000		-0.2699		
	866.0000		-0.2727		
	867.0000		-0.2699		
	868.0000		-0.2667		
	869.0000		-0.2652		
	870.0000		-0.2697		
	871.0000		-0.2722		
	872.0000		-0.2715		
	873.0000		-0.2680		
	874.0000		-0.2612		
	875.0000		-0.2654		
	876.0000		-0.2667		
	877.0000		-0.2666		
	878.0000		-0.2696		
	879.0000		-0.2662		
	880.0000		-0.2589		
	881.0000		-0.2533		
	882.0000		-0.2541		
	883.0000		-0.2528		
	884.0000		-0.2517		
	885.0000		-0.2564		
	886.0000		-0.2511		
	887.0000		-0.2513		
	888.0000		-0.2524		
	889.0000		-0.2515		
	890.0000		-0.2505		
	891.0000		-0.2604		
	892.0000		-0.2599		
	893.0000		-0.2609		
	894.0000		-0.2647		
	895.0000		-0.2644		
	896.0000		-0.2624		
	897.0000		-0.2589		
	898.0000		-0.2604		
	899.0000		-0.2668		
END
