IGOR
X| Thu Jun 08 17:29:33 2017
X|   0.000000000000 0 X|
X|   0.000000000000 0 X|
X|   0.000000000000 0 X|
X|   0.000000000000 0 X|
X| data_type 	 num_points 	 num_chans 	 shots_per_read 	 reads_per_point 	 num_sweeps
X|      0   			  900   		     1    		   30  		    10     			   1
WAVES	  XDATA  Z1DATA	 
BEGIN
	0.0000		-0.0323		
	1.0000		-0.0267		
	2.0000		-0.0230		
	3.0000		-0.0185		
	4.0000		-0.0160		
	5.0000		-0.0132		
	6.0000		-0.0106		
	7.0000		-0.0091		
	8.0000		-0.0070		
	9.0000		-0.0070		
	10.0000		-0.0070		
	11.0000		-0.0070		
	12.0000		-0.0070		
	13.0000		-0.0070		
	14.0000		-0.0070		
	15.0000		-0.0070		
	16.0000		-0.0068		
	17.0000		-0.0050		
	18.0000		-0.0015		
	19.0000		-0.0005		
	20.0000		-0.0052		
	21.0000		-0.0070		
	22.0000		-0.0091		
	23.0000		-0.0100		
	24.0000		-0.0100		
	25.0000		-0.0100		
	26.0000		-0.0100		
	27.0000		-0.0100		
	28.0000		-0.0100		
	29.0000		-0.0100		
	30.0000		-0.0100		
	31.0000		-0.0100		
	32.0000		-0.0100		
	33.0000		-0.0100		
	34.0000		-0.0100		
	35.0000		-0.0100		
	36.0000		-0.0100		
	37.0000		-0.0097		
	38.0000		-0.0073		
	39.0000		-0.0070		
	40.0000		-0.0070		
	41.0000		-0.0070		
	42.0000		-0.0070		
	43.0000		-0.0070		
	44.0000		-0.0070		
	45.0000		-0.0064		
	46.0000		-0.0068		
	47.0000		-0.0068		
	48.0000		-0.0070		
	49.0000		-0.0070		
	50.0000		-0.0070		
	51.0000		-0.0070		
	52.0000		-0.0068		
	53.0000		-0.0058		
	54.0000		-0.0047		
	55.0000		-0.0040		
	56.0000		-0.0066		
	57.0000		-0.0070		
	58.0000		-0.0079		
	59.0000		-0.0100		
	60.0000		-0.0100		
	61.0000		-0.0100		
	62.0000		-0.0100		
	63.0000		-0.0100		
	64.0000		-0.0104		
	65.0000		-0.0120		
	66.0000		-0.0120		
	67.0000		-0.0120		
	68.0000		-0.0120		
	69.0000		-0.0120		
	70.0000		-0.0120		
	71.0000		-0.0118		
	72.0000		-0.0106		
	73.0000		-0.0114		
	74.0000		-0.0106		
	75.0000		-0.0100		
	76.0000		-0.0100		
	77.0000		-0.0100		
	78.0000		-0.0094		
	79.0000		-0.0070		
	80.0000		-0.0070		
	81.0000		-0.0070		
	82.0000		-0.0070		
	83.0000		-0.0070		
	84.0000		-0.0070		
	85.0000		-0.0070		
	86.0000		-0.0070		
	87.0000		-0.0073		
	88.0000		-0.0082		
	89.0000		-0.0097		
	90.0000		-0.0100		
	91.0000		-0.0100		
	92.0000		-0.0100		
	93.0000		-0.0100		
	94.0000		-0.0100		
	95.0000		-0.0100		
	96.0000		-0.0100		
	97.0000		-0.0100		
	98.0000		-0.0100		
	99.0000		-0.0100		
	100.0000		-0.0100		
	101.0000		-0.0100		
	102.0000		-0.0100		
	103.0000		-0.0102		
	104.0000		-0.0114		
	105.0000		-0.0120		
	106.0000		-0.0118		
	107.0000		-0.0120		
	108.0000		-0.0118		
	109.0000		-0.0120		
	110.0000		-0.0118		
	111.0000		-0.0120		
	112.0000		-0.0114		
	113.0000		-0.0102		
	114.0000		-0.0102		
	115.0000		-0.0108		
	116.0000		-0.0120		
	117.0000		-0.0120		
	118.0000		-0.0120		
	119.0000		-0.0120		
	120.0000		-0.0120		
	121.0000		-0.0123		
	122.0000		-0.0129		
	123.0000		-0.0138		
	124.0000		-0.0150		
	125.0000		-0.0150		
	126.0000		-0.0150		
	127.0000		-0.0150		
	128.0000		-0.0150		
	129.0000		-0.0150		
	130.0000		-0.0150		
	131.0000		-0.0150		
	132.0000		-0.0150		
	133.0000		-0.0150		
	134.0000		-0.0150		
	135.0000		-0.0150		
	136.0000		-0.0141		
	137.0000		-0.0147		
	138.0000		-0.0150		
	139.0000		-0.0150		
	140.0000		-0.0150		
	141.0000		-0.0123		
	142.0000		-0.0120		
	143.0000		-0.0106		
	144.0000		-0.0100		
	145.0000		-0.0100		
	146.0000		-0.0100		
	147.0000		-0.0100		
	148.0000		-0.0100		
	149.0000		-0.0085		
	150.0000		-0.0070		
	151.0000		-0.0070		
	152.0000		-0.0070		
	153.0000		-0.0070		
	154.0000		-0.0070		
	155.0000		-0.0070		
	156.0000		-0.0062		
	157.0000		-0.0062		
	158.0000		-0.0054		
	159.0000		-0.0070		
	160.0000		-0.0070		
	161.0000		-0.0062		
	162.0000		-0.0062		
	163.0000		-0.0064		
	164.0000		-0.0066		
	165.0000		-0.0064		
	166.0000		-0.0070		
	167.0000		-0.0070		
	168.0000		-0.0070		
	169.0000		-0.0068		
	170.0000		-0.0066		
	171.0000		-0.0042		
	172.0000		-0.0005		
	173.0000		-0.0010		
	174.0000		-0.0030		
	175.0000		-0.0049		
	176.0000		-0.0030		
	177.0000		-0.0010		
	178.0000		-0.0051		
	179.0000		-0.0058		
	180.0000		-0.0060		
	181.0000		-0.0064		
	182.0000		-0.0070		
	183.0000		-0.0070		
	184.0000		-0.0073		
	185.0000		-0.0079		
	186.0000		-0.0070		
	187.0000		-0.0070		
	188.0000		-0.0070		
	189.0000		-0.0070		
	190.0000		-0.0070		
	191.0000		-0.0070		
	192.0000		-0.0070		
	193.0000		-0.0070		
	194.0000		-0.0070		
	195.0000		-0.0070		
	196.0000		-0.0070		
	197.0000		-0.0068		
	198.0000		-0.0062		
	199.0000		-0.0054		
	200.0000		-0.0015		
	201.0000		0.0000		
	202.0000		0.0000		
	203.0000		-0.0027		
	204.0000		-0.0068		
	205.0000		-0.0070		
	206.0000		-0.0070		
	207.0000		-0.0070		
	208.0000		-0.0062		
	209.0000		-0.0042		
	210.0000		0.0000		
	211.0000		0.0000		
	212.0000		0.0000		
	213.0000		0.0000		
	214.0000		0.0000		
	215.0000		0.0000		
	216.0000		0.0000		
	217.0000		0.0000		
	218.0000		0.0002		
	219.0000		0.0006		
	220.0000		0.0010		
	221.0000		0.0020		
	222.0000		0.0026		
	223.0000		0.0047		
	224.0000		0.0050		
	225.0000		0.0050		
	226.0000		0.0044		
	227.0000		0.0038		
	228.0000		0.0041		
	229.0000		0.0041		
	230.0000		0.0029		
	231.0000		0.0020		
	232.0000		0.0023		
	233.0000		0.0050		
	234.0000		0.0050		
	235.0000		0.0050		
	236.0000		0.0050		
	237.0000		0.0050		
	238.0000		0.0050		
	239.0000		0.0050		
	240.0000		0.0050		
	241.0000		0.0050		
	242.0000		0.0038		
	243.0000		0.0020		
	244.0000		0.0020		
	245.0000		0.0020		
	246.0000		0.0020		
	247.0000		0.0016		
	248.0000		0.0020		
	249.0000		0.0020		
	250.0000		0.0018		
	251.0000		0.0014		
	252.0000		0.0000		
	253.0000		0.0000		
	254.0000		0.0000		
	255.0000		0.0000		
	256.0000		0.0000		
	257.0000		0.0000		
	258.0000		0.0000		
	259.0000		0.0004		
	260.0000		0.0010		
	261.0000		0.0010		
	262.0000		0.0020		
	263.0000		0.0020		
	264.0000		0.0020		
	265.0000		0.0020		
	266.0000		0.0020		
	267.0000		0.0038		
	268.0000		0.0050		
	269.0000		0.0050		
	270.0000		0.0050		
	271.0000		0.0052		
	272.0000		0.0064		
	273.0000		0.0060		
	274.0000		0.0052		
	275.0000		0.0056		
	276.0000		0.0056		
	277.0000		0.0064		
	278.0000		0.0070		
	279.0000		0.0070		
	280.0000		0.0070		
	281.0000		0.0062		
	282.0000		0.0058		
	283.0000		0.0050		
	284.0000		0.0050		
	285.0000		0.0050		
	286.0000		0.0054		
	287.0000		0.0070		
	288.0000		0.0070		
	289.0000		0.0070		
	290.0000		0.0070		
	291.0000		0.0070		
	292.0000		0.0068		
	293.0000		0.0052		
	294.0000		0.0050		
	295.0000		0.0050		
	296.0000		0.0050		
	297.0000		0.0050		
	298.0000		0.0050		
	299.0000		0.0064		
	300.0000		0.0070		
	301.0000		0.0070		
	302.0000		0.0070		
	303.0000		0.0070		
	304.0000		0.0070		
	305.0000		0.0070		
	306.0000		0.0070		
	307.0000		0.0070		
	308.0000		0.0070		
	309.0000		0.0070		
	310.0000		0.0070		
	311.0000		0.0070		
	312.0000		0.0070		
	313.0000		0.0064		
	314.0000		0.0052		
	315.0000		0.0050		
	316.0000		0.0050		
	317.0000		0.0050		
	318.0000		0.0050		
	319.0000		0.0050		
	320.0000		0.0050		
	321.0000		0.0058		
	322.0000		0.0062		
	323.0000		0.0064		
	324.0000		0.0066		
	325.0000		0.0064		
	326.0000		0.0064		
	327.0000		0.0054		
	328.0000		0.0054		
	329.0000		0.0050		
	330.0000		0.0050		
	331.0000		0.0050		
	332.0000		0.0050		
	333.0000		0.0050		
	334.0000		0.0050		
	335.0000		0.0050		
	336.0000		0.0050		
	337.0000		0.0050		
	338.0000		0.0038		
	339.0000		0.0038		
	340.0000		0.0029		
	341.0000		0.0020		
	342.0000		0.0020		
	343.0000		0.0020		
	344.0000		0.0020		
	345.0000		0.0020		
	346.0000		0.0020		
	347.0000		0.0020		
	348.0000		0.0020		
	349.0000		0.0020		
	350.0000		0.0020		
	351.0000		0.0020		
	352.0000		0.0020		
	353.0000		0.0020		
	354.0000		0.0020		
	355.0000		0.0020		
	356.0000		0.0020		
	357.0000		0.0014		
	358.0000		0.0000		
	359.0000		0.0000		
	360.0000		0.0002		
	361.0000		0.0002		
	362.0000		0.0014		
	363.0000		0.0018		
	364.0000		0.0020		
	365.0000		0.0006		
	366.0000		0.0006		
	367.0000		0.0018		
	368.0000		0.0020		
	369.0000		0.0020		
	370.0000		0.0020		
	371.0000		0.0020		
	372.0000		0.0020		
	373.0000		0.0020		
	374.0000		0.0020		
	375.0000		0.0020		
	376.0000		0.0020		
	377.0000		0.0020		
	378.0000		0.0018		
	379.0000		0.0018		
	380.0000		0.0016		
	381.0000		0.0018		
	382.0000		0.0020		
	383.0000		0.0020		
	384.0000		0.0020		
	385.0000		0.0020		
	386.0000		0.0020		
	387.0000		0.0020		
	388.0000		0.0020		
	389.0000		0.0020		
	390.0000		0.0020		
	391.0000		0.0020		
	392.0000		0.0020		
	393.0000		0.0020		
	394.0000		0.0020		
	395.0000		0.0020		
	396.0000		0.0020		
	397.0000		0.0020		
	398.0000		0.0020		
	399.0000		0.0020		
	400.0000		0.0020		
	401.0000		0.0020		
	402.0000		0.0029		
	403.0000		0.0026		
	404.0000		0.0029		
	405.0000		0.0050		
	406.0000		0.0050		
	407.0000		0.0050		
	408.0000		0.0050		
	409.0000		0.0050		
	410.0000		0.0050		
	411.0000		0.0050		
	412.0000		0.0056		
	413.0000		0.0070		
	414.0000		0.0070		
	415.0000		0.0070		
	416.0000		0.0070		
	417.0000		0.0062		
	418.0000		0.0068		
	419.0000		0.0070		
	420.0000		0.0070		
	421.0000		0.0070		
	422.0000		0.0070		
	423.0000		0.0070		
	424.0000		0.0070		
	425.0000		0.0070		
	426.0000		0.0070		
	427.0000		0.0070		
	428.0000		0.0070		
	429.0000		0.0070		
	430.0000		0.0070		
	431.0000		0.0066		
	432.0000		0.0056		
	433.0000		0.0050		
	434.0000		0.0050		
	435.0000		0.0050		
	436.0000		0.0050		
	437.0000		0.0050		
	438.0000		0.0050		
	439.0000		0.0050		
	440.0000		0.0050		
	441.0000		0.0050		
	442.0000		0.0050		
	443.0000		0.0050		
	444.0000		0.0050		
	445.0000		0.0050		
	446.0000		0.0047		
	447.0000		0.0029		
	448.0000		0.0023		
	449.0000		0.0041		
	450.0000		0.0050		
	451.0000		0.0050		
	452.0000		0.0050		
	453.0000		0.0050		
	454.0000		0.0038		
	455.0000		0.0026		
	456.0000		0.0020		
	457.0000		0.0020		
	458.0000		0.0020		
	459.0000		0.0020		
	460.0000		0.0020		
	461.0000		0.0029		
	462.0000		0.0047		
	463.0000		0.0050		
	464.0000		0.0050		
	465.0000		0.0050		
	466.0000		0.0054		
	467.0000		0.0068		
	468.0000		0.0070		
	469.0000		0.0070		
	470.0000		0.0070		
	471.0000		0.0070		
	472.0000		0.0070		
	473.0000		0.0082		
	474.0000		0.0100		
	475.0000		0.0104		
	476.0000		0.0120		
	477.0000		0.0120		
	478.0000		0.0120		
	479.0000		0.0120		
	480.0000		0.0120		
	481.0000		0.0120		
	482.0000		0.0120		
	483.0000		0.0100		
	484.0000		0.0100		
	485.0000		0.0100		
	486.0000		0.0100		
	487.0000		0.0085		
	488.0000		0.0091		
	489.0000		0.0100		
	490.0000		0.0100		
	491.0000		0.0088		
	492.0000		0.0082		
	493.0000		0.0070		
	494.0000		0.0073		
	495.0000		0.0070		
	496.0000		0.0070		
	497.0000		0.0070		
	498.0000		0.0070		
	499.0000		0.0068		
	500.0000		0.0070		
	501.0000		0.0070		
	502.0000		0.0062		
	503.0000		0.0050		
	504.0000		0.0050		
	505.0000		0.0050		
	506.0000		0.0050		
	507.0000		0.0050		
	508.0000		0.0050		
	509.0000		0.0047		
	510.0000		0.0038		
	511.0000		0.0023		
	512.0000		0.0020		
	513.0000		0.0026		
	514.0000		0.0023		
	515.0000		0.0020		
	516.0000		0.0020		
	517.0000		0.0029		
	518.0000		0.0047		
	519.0000		0.0050		
	520.0000		0.0050		
	521.0000		0.0050		
	522.0000		0.0050		
	523.0000		0.0050		
	524.0000		0.0050		
	525.0000		0.0066		
	526.0000		0.0070		
	527.0000		0.0070		
	528.0000		0.0062		
	529.0000		0.0062		
	530.0000		0.0054		
	531.0000		0.0050		
	532.0000		0.0050		
	533.0000		0.0054		
	534.0000		0.0060		
	535.0000		0.0068		
	536.0000		0.0056		
	537.0000		0.0050		
	538.0000		0.0050		
	539.0000		0.0050		
	540.0000		0.0052		
	541.0000		0.0066		
	542.0000		0.0062		
	543.0000		0.0050		
	544.0000		0.0058		
	545.0000		0.0070		
	546.0000		0.0070		
	547.0000		0.0070		
	548.0000		0.0070		
	549.0000		0.0070		
	550.0000		0.0070		
	551.0000		0.0070		
	552.0000		0.0070		
	553.0000		0.0070		
	554.0000		0.0079		
	555.0000		0.0091		
	556.0000		0.0097		
	557.0000		0.0100		
	558.0000		0.0100		
	559.0000		0.0100		
	560.0000		0.0097		
	561.0000		0.0088		
	562.0000		0.0073		
	563.0000		0.0070		
	564.0000		0.0076		
	565.0000		0.0094		
	566.0000		0.0100		
	567.0000		0.0100		
	568.0000		0.0100		
	569.0000		0.0100		
	570.0000		0.0100		
	571.0000		0.0100		
	572.0000		0.0100		
	573.0000		0.0100		
	574.0000		0.0100		
	575.0000		0.0088		
	576.0000		0.0070		
	577.0000		0.0070		
	578.0000		0.0070		
	579.0000		0.0062		
	580.0000		0.0056		
	581.0000		0.0054		
	582.0000		0.0050		
	583.0000		0.0050		
	584.0000		0.0050		
	585.0000		0.0050		
	586.0000		0.0050		
	587.0000		0.0050		
	588.0000		0.0050		
	589.0000		0.0050		
	590.0000		0.0050		
	591.0000		0.0050		
	592.0000		0.0050		
	593.0000		0.0050		
	594.0000		0.0050		
	595.0000		0.0050		
	596.0000		0.0050		
	597.0000		0.0050		
	598.0000		0.0050		
	599.0000		0.0050		
	600.0000		0.0050		
	601.0000		0.0050		
	602.0000		0.0050		
	603.0000		0.0050		
	604.0000		0.0050		
	605.0000		0.0050		
	606.0000		0.0050		
	607.0000		0.0050		
	608.0000		0.0050		
	609.0000		0.0050		
	610.0000		0.0050		
	611.0000		0.0050		
	612.0000		0.0050		
	613.0000		0.0050		
	614.0000		0.0050		
	615.0000		0.0060		
	616.0000		0.0070		
	617.0000		0.0070		
	618.0000		0.0070		
	619.0000		0.0070		
	620.0000		0.0070		
	621.0000		0.0070		
	622.0000		0.0070		
	623.0000		0.0070		
	624.0000		0.0070		
	625.0000		0.0068		
	626.0000		0.0062		
	627.0000		0.0054		
	628.0000		0.0050		
	629.0000		0.0050		
	630.0000		0.0050		
	631.0000		0.0050		
	632.0000		0.0050		
	633.0000		0.0050		
	634.0000		0.0050		
	635.0000		0.0050		
	636.0000		0.0050		
	637.0000		0.0050		
	638.0000		0.0050		
	639.0000		0.0050		
	640.0000		0.0050		
	641.0000		0.0047		
	642.0000		0.0050		
	643.0000		0.0050		
	644.0000		0.0050		
	645.0000		0.0050		
	646.0000		0.0050		
	647.0000		0.0050		
	648.0000		0.0050		
	649.0000		0.0050		
	650.0000		0.0050		
	651.0000		0.0050		
	652.0000		0.0050		
	653.0000		0.0050		
	654.0000		0.0050		
	655.0000		0.0050		
	656.0000		0.0050		
	657.0000		0.0050		
	658.0000		0.0047		
	659.0000		0.0050		
	660.0000		0.0047		
	661.0000		0.0050		
	662.0000		0.0050		
	663.0000		0.0050		
	664.0000		0.0044		
	665.0000		0.0020		
	666.0000		0.0020		
	667.0000		0.0020		
	668.0000		0.0020		
	669.0000		0.0020		
	670.0000		0.0020		
	671.0000		0.0020		
	672.0000		0.0020		
	673.0000		0.0020		
	674.0000		0.0020		
	675.0000		0.0020		
	676.0000		0.0020		
	677.0000		0.0020		
	678.0000		0.0020		
	679.0000		0.0020		
	680.0000		0.0020		
	681.0000		0.0020		
	682.0000		0.0020		
	683.0000		0.0020		
	684.0000		0.0020		
	685.0000		0.0026		
	686.0000		0.0026		
	687.0000		0.0023		
	688.0000		0.0038		
	689.0000		0.0050		
	690.0000		0.0050		
	691.0000		0.0044		
	692.0000		0.0032		
	693.0000		0.0047		
	694.0000		0.0038		
	695.0000		0.0020		
	696.0000		0.0020		
	697.0000		0.0032		
	698.0000		0.0038		
	699.0000		0.0050		
	700.0000		0.0050		
	701.0000		0.0050		
	702.0000		0.0050		
	703.0000		0.0047		
	704.0000		0.0047		
	705.0000		0.0050		
	706.0000		0.0032		
	707.0000		0.0032		
	708.0000		0.0026		
	709.0000		0.0020		
	710.0000		0.0020		
	711.0000		0.0020		
	712.0000		0.0020		
	713.0000		0.0020		
	714.0000		0.0020		
	715.0000		0.0020		
	716.0000		0.0020		
	717.0000		0.0020		
	718.0000		0.0020		
	719.0000		0.0012		
	720.0000		0.0008		
	721.0000		0.0000		
	722.0000		0.0000		
	723.0000		0.0000		
	724.0000		0.0000		
	725.0000		0.0006		
	726.0000		0.0020		
	727.0000		0.0020		
	728.0000		0.0020		
	729.0000		0.0020		
	730.0000		0.0020		
	731.0000		0.0020		
	732.0000		0.0020		
	733.0000		0.0020		
	734.0000		0.0002		
	735.0000		0.0000		
	736.0000		0.0000		
	737.0000		0.0000		
	738.0000		0.0000		
	739.0000		0.0000		
	740.0000		0.0000		
	741.0000		0.0000		
	742.0000		0.0000		
	743.0000		0.0000		
	744.0000		0.0000		
	745.0000		0.0002		
	746.0000		0.0020		
	747.0000		0.0020		
	748.0000		0.0020		
	749.0000		0.0032		
	750.0000		0.0050		
	751.0000		0.0050		
	752.0000		0.0050		
	753.0000		0.0050		
	754.0000		0.0050		
	755.0000		0.0062		
	756.0000		0.0064		
	757.0000		0.0068		
	758.0000		0.0070		
	759.0000		0.0070		
	760.0000		0.0070		
	761.0000		0.0070		
	762.0000		0.0070		
	763.0000		0.0070		
	764.0000		0.0070		
	765.0000		0.0070		
	766.0000		0.0070		
	767.0000		0.0070		
	768.0000		0.0070		
	769.0000		0.0070		
	770.0000		0.0070		
	771.0000		0.0064		
	772.0000		0.0056		
	773.0000		0.0050		
	774.0000		0.0056		
	775.0000		0.0070		
	776.0000		0.0070		
	777.0000		0.0070		
	778.0000		0.0070		
	779.0000		0.0070		
	780.0000		0.0070		
	781.0000		0.0070		
	782.0000		0.0070		
	783.0000		0.0070		
	784.0000		0.0070		
	785.0000		0.0070		
	786.0000		0.0070		
	787.0000		0.0070		
	788.0000		0.0070		
	789.0000		0.0070		
	790.0000		0.0070		
	791.0000		0.0070		
	792.0000		0.0070		
	793.0000		0.0070		
	794.0000		0.0073		
	795.0000		0.0100		
	796.0000		0.0100		
	797.0000		0.0100		
	798.0000		0.0100		
	799.0000		0.0100		
	800.0000		0.0100		
	801.0000		0.0100		
	802.0000		0.0100		
	803.0000		0.0100		
	804.0000		0.0100		
	805.0000		0.0106		
	806.0000		0.0116		
	807.0000		0.0108		
	808.0000		0.0108		
	809.0000		0.0114		
	810.0000		0.0100		
	811.0000		0.0102		
	812.0000		0.0100		
	813.0000		0.0088		
	814.0000		0.0070		
	815.0000		0.0070		
	816.0000		0.0070		
	817.0000		0.0070		
	818.0000		0.0070		
	819.0000		0.0062		
	820.0000		0.0052		
	821.0000		0.0050		
	822.0000		0.0070		
	823.0000		0.0070		
	824.0000		0.0060		
	825.0000		0.0060		
	826.0000		0.0050		
	827.0000		0.0050		
	828.0000		0.0056		
	829.0000		0.0058		
	830.0000		0.0052		
	831.0000		0.0050		
	832.0000		0.0050		
	833.0000		0.0050		
	834.0000		0.0050		
	835.0000		0.0050		
	836.0000		0.0050		
	837.0000		0.0041		
	838.0000		0.0035		
	839.0000		0.0032		
	840.0000		0.0029		
	841.0000		0.0047		
	842.0000		0.0050		
	843.0000		0.0050		
	844.0000		0.0050		
	845.0000		0.0056		
	846.0000		0.0070		
	847.0000		0.0070		
	848.0000		0.0070		
	849.0000		0.0070		
	850.0000		0.0070		
	851.0000		0.0076		
	852.0000		0.0088		
	853.0000		0.0100		
	854.0000		0.0100		
	855.0000		0.0100		
	856.0000		0.0100		
	857.0000		0.0100		
	858.0000		0.0097		
	859.0000		0.0073		
	860.0000		0.0070		
	861.0000		0.0070		
	862.0000		0.0070		
	863.0000		0.0070		
	864.0000		0.0070		
	865.0000		0.0070		
	866.0000		0.0070		
	867.0000		0.0070		
	868.0000		0.0070		
	869.0000		0.0070		
	870.0000		0.0070		
	871.0000		0.0070		
	872.0000		0.0085		
	873.0000		0.0100		
	874.0000		0.0100		
	875.0000		0.0100		
	876.0000		0.0100		
	877.0000		0.0100		
	878.0000		0.0100		
	879.0000		0.0097		
	880.0000		0.0097		
	881.0000		0.0097		
	882.0000		0.0100		
	883.0000		0.0100		
	884.0000		0.0100		
	885.0000		0.0100		
	886.0000		0.0100		
	887.0000		0.0100		
	888.0000		0.0100		
	889.0000		0.0100		
	890.0000		0.0088		
	891.0000		0.0073		
	892.0000		0.0070		
	893.0000		0.0070		
	894.0000		0.0070		
	895.0000		0.0070		
	896.0000		0.0070		
	897.0000		0.0070		
	898.0000		0.0070		
	899.0000		0.0058		
END
