IGOR
X| Thu Jun 08 18:11:30 2017
X|   0.000000000000 0 X|
X|   0.000000000000 0 X|
X|   0.000000000000 0 X|
X|   0.000000000000 0 X|
X| data_type 	 num_points 	 num_chans 	 shots_per_read 	 reads_per_point 	 num_sweeps
X|      0   			  900   		     1    		   30  		    10     			   1
WAVES	  XDATA  Z1DATA	 
BEGIN
	0.0000		-0.0350		
	1.0000		-0.0260		
	2.0000		-0.0183		
	3.0000		-0.0120		
	4.0000		-0.0079		
	5.0000		-0.0012		
	6.0000		0.0023		
	7.0000		0.0050		
	8.0000		0.0054		
	9.0000		0.0066		
	10.0000		0.0070		
	11.0000		0.0097		
	12.0000		0.0100		
	13.0000		0.0120		
	14.0000		0.0120		
	15.0000		0.0120		
	16.0000		0.0120		
	17.0000		0.0120		
	18.0000		0.0120		
	19.0000		0.0106		
	20.0000		0.0100		
	21.0000		0.0100		
	22.0000		0.0088		
	23.0000		0.0073		
	24.0000		0.0079		
	25.0000		0.0100		
	26.0000		0.0100		
	27.0000		0.0100		
	28.0000		0.0088		
	29.0000		0.0070		
	30.0000		0.0070		
	31.0000		0.0070		
	32.0000		0.0070		
	33.0000		0.0070		
	34.0000		0.0062		
	35.0000		0.0050		
	36.0000		0.0050		
	37.0000		0.0050		
	38.0000		0.0044		
	39.0000		0.0020		
	40.0000		0.0020		
	41.0000		0.0002		
	42.0000		0.0000		
	43.0000		0.0000		
	44.0000		0.0002		
	45.0000		0.0000		
	46.0000		0.0000		
	47.0000		0.0000		
	48.0000		0.0000		
	49.0000		0.0010		
	50.0000		0.0020		
	51.0000		0.0020		
	52.0000		0.0041		
	53.0000		0.0050		
	54.0000		0.0050		
	55.0000		0.0044		
	56.0000		0.0038		
	57.0000		0.0026		
	58.0000		0.0020		
	59.0000		0.0016		
	60.0000		0.0006		
	61.0000		0.0000		
	62.0000		0.0000		
	63.0000		0.0000		
	64.0000		-0.0015		
	65.0000		-0.0066		
	66.0000		-0.0066		
	67.0000		-0.0062		
	68.0000		-0.0034		
	69.0000		0.0000		
	70.0000		0.0000		
	71.0000		0.0000		
	72.0000		0.0000		
	73.0000		0.0010		
	74.0000		0.0020		
	75.0000		0.0020		
	76.0000		0.0008		
	77.0000		0.0000		
	78.0000		-0.0010		
	79.0000		-0.0068		
	80.0000		-0.0073		
	81.0000		-0.0097		
	82.0000		-0.0100		
	83.0000		-0.0100		
	84.0000		-0.0100		
	85.0000		-0.0100		
	86.0000		-0.0100		
	87.0000		-0.0100		
	88.0000		-0.0073		
	89.0000		-0.0070		
	90.0000		-0.0066		
	91.0000		-0.0058		
	92.0000		-0.0030		
	93.0000		0.0000		
	94.0000		0.0000		
	95.0000		0.0000		
	96.0000		0.0000		
	97.0000		0.0000		
	98.0000		0.0000		
	99.0000		0.0000		
	100.0000		0.0012		
	101.0000		0.0020		
	102.0000		0.0020		
	103.0000		0.0020		
	104.0000		0.0020		
	105.0000		0.0016		
	106.0000		0.0004		
	107.0000		0.0000		
	108.0000		0.0000		
	109.0000		0.0000		
	110.0000		-0.0005		
	111.0000		0.0000		
	112.0000		0.0000		
	113.0000		0.0000		
	114.0000		-0.0020		
	115.0000		-0.0039		
	116.0000		-0.0010		
	117.0000		0.0000		
	118.0000		0.0000		
	119.0000		0.0000		
	120.0000		0.0002		
	121.0000		0.0012		
	122.0000		0.0020		
	123.0000		0.0020		
	124.0000		0.0020		
	125.0000		0.0020		
	126.0000		0.0020		
	127.0000		0.0020		
	128.0000		0.0029		
	129.0000		0.0044		
	130.0000		0.0050		
	131.0000		0.0050		
	132.0000		0.0050		
	133.0000		0.0050		
	134.0000		0.0047		
	135.0000		0.0050		
	136.0000		0.0050		
	137.0000		0.0050		
	138.0000		0.0050		
	139.0000		0.0052		
	140.0000		0.0050		
	141.0000		0.0050		
	142.0000		0.0050		
	143.0000		0.0060		
	144.0000		0.0068		
	145.0000		0.0070		
	146.0000		0.0070		
	147.0000		0.0070		
	148.0000		0.0070		
	149.0000		0.0070		
	150.0000		0.0054		
	151.0000		0.0050		
	152.0000		0.0038		
	153.0000		0.0020		
	154.0000		0.0047		
	155.0000		0.0050		
	156.0000		0.0064		
	157.0000		0.0070		
	158.0000		0.0070		
	159.0000		0.0052		
	160.0000		0.0050		
	161.0000		0.0050		
	162.0000		0.0050		
	163.0000		0.0050		
	164.0000		0.0050		
	165.0000		0.0041		
	166.0000		0.0044		
	167.0000		0.0050		
	168.0000		0.0047		
	169.0000		0.0050		
	170.0000		0.0056		
	171.0000		0.0070		
	172.0000		0.0070		
	173.0000		0.0070		
	174.0000		0.0070		
	175.0000		0.0070		
	176.0000		0.0070		
	177.0000		0.0073		
	178.0000		0.0100		
	179.0000		0.0100		
	180.0000		0.0120		
	181.0000		0.0129		
	182.0000		0.0147		
	183.0000		0.0150		
	184.0000		0.0160		
	185.0000		0.0170		
	186.0000		0.0170		
	187.0000		0.0170		
	188.0000		0.0170		
	189.0000		0.0170		
	190.0000		0.0170		
	191.0000		0.0170		
	192.0000		0.0170		
	193.0000		0.0170		
	194.0000		0.0170		
	195.0000		0.0170		
	196.0000		0.0173		
	197.0000		0.0185		
	198.0000		0.0176		
	199.0000		0.0170		
	200.0000		0.0170		
	201.0000		0.0170		
	202.0000		0.0170		
	203.0000		0.0170		
	204.0000		0.0162		
	205.0000		0.0160		
	206.0000		0.0150		
	207.0000		0.0150		
	208.0000		0.0150		
	209.0000		0.0150		
	210.0000		0.0150		
	211.0000		0.0150		
	212.0000		0.0150		
	213.0000		0.0150		
	214.0000		0.0147		
	215.0000		0.0123		
	216.0000		0.0120		
	217.0000		0.0120		
	218.0000		0.0120		
	219.0000		0.0118		
	220.0000		0.0110		
	221.0000		0.0102		
	222.0000		0.0114		
	223.0000		0.0120		
	224.0000		0.0144		
	225.0000		0.0150		
	226.0000		0.0166		
	227.0000		0.0162		
	228.0000		0.0168		
	229.0000		0.0170		
	230.0000		0.0170		
	231.0000		0.0170		
	232.0000		0.0170		
	233.0000		0.0170		
	234.0000		0.0170		
	235.0000		0.0170		
	236.0000		0.0170		
	237.0000		0.0170		
	238.0000		0.0170		
	239.0000		0.0170		
	240.0000		0.0170		
	241.0000		0.0170		
	242.0000		0.0170		
	243.0000		0.0170		
	244.0000		0.0170		
	245.0000		0.0170		
	246.0000		0.0170		
	247.0000		0.0170		
	248.0000		0.0170		
	249.0000		0.0170		
	250.0000		0.0170		
	251.0000		0.0170		
	252.0000		0.0170		
	253.0000		0.0164		
	254.0000		0.0170		
	255.0000		0.0170		
	256.0000		0.0170		
	257.0000		0.0170		
	258.0000		0.0170		
	259.0000		0.0170		
	260.0000		0.0170		
	261.0000		0.0170		
	262.0000		0.0168		
	263.0000		0.0164		
	264.0000		0.0168		
	265.0000		0.0170		
	266.0000		0.0170		
	267.0000		0.0170		
	268.0000		0.0170		
	269.0000		0.0170		
	270.0000		0.0170		
	271.0000		0.0170		
	272.0000		0.0170		
	273.0000		0.0170		
	274.0000		0.0170		
	275.0000		0.0170		
	276.0000		0.0156		
	277.0000		0.0158		
	278.0000		0.0170		
	279.0000		0.0170		
	280.0000		0.0170		
	281.0000		0.0170		
	282.0000		0.0170		
	283.0000		0.0170		
	284.0000		0.0170		
	285.0000		0.0170		
	286.0000		0.0173		
	287.0000		0.0176		
	288.0000		0.0188		
	289.0000		0.0200		
	290.0000		0.0200		
	291.0000		0.0200		
	292.0000		0.0200		
	293.0000		0.0200		
	294.0000		0.0200		
	295.0000		0.0200		
	296.0000		0.0206		
	297.0000		0.0212		
	298.0000		0.0220		
	299.0000		0.0220		
	300.0000		0.0220		
	301.0000		0.0220		
	302.0000		0.0220		
	303.0000		0.0208		
	304.0000		0.0200		
	305.0000		0.0200		
	306.0000		0.0200		
	307.0000		0.0204		
	308.0000		0.0200		
	309.0000		0.0200		
	310.0000		0.0200		
	311.0000		0.0200		
	312.0000		0.0200		
	313.0000		0.0200		
	314.0000		0.0200		
	315.0000		0.0197		
	316.0000		0.0170		
	317.0000		0.0170		
	318.0000		0.0173		
	319.0000		0.0170		
	320.0000		0.0170		
	321.0000		0.0170		
	322.0000		0.0170		
	323.0000		0.0170		
	324.0000		0.0170		
	325.0000		0.0170		
	326.0000		0.0170		
	327.0000		0.0170		
	328.0000		0.0170		
	329.0000		0.0170		
	330.0000		0.0170		
	331.0000		0.0179		
	332.0000		0.0191		
	333.0000		0.0182		
	334.0000		0.0170		
	335.0000		0.0170		
	336.0000		0.0170		
	337.0000		0.0170		
	338.0000		0.0170		
	339.0000		0.0170		
	340.0000		0.0170		
	341.0000		0.0170		
	342.0000		0.0164		
	343.0000		0.0162		
	344.0000		0.0170		
	345.0000		0.0168		
	346.0000		0.0170		
	347.0000		0.0166		
	348.0000		0.0166		
	349.0000		0.0170		
	350.0000		0.0170		
	351.0000		0.0170		
	352.0000		0.0170		
	353.0000		0.0170		
	354.0000		0.0182		
	355.0000		0.0188		
	356.0000		0.0176		
	357.0000		0.0170		
	358.0000		0.0170		
	359.0000		0.0170		
	360.0000		0.0170		
	361.0000		0.0170		
	362.0000		0.0170		
	363.0000		0.0170		
	364.0000		0.0170		
	365.0000		0.0170		
	366.0000		0.0164		
	367.0000		0.0168		
	368.0000		0.0170		
	369.0000		0.0170		
	370.0000		0.0170		
	371.0000		0.0170		
	372.0000		0.0170		
	373.0000		0.0156		
	374.0000		0.0150		
	375.0000		0.0144		
	376.0000		0.0144		
	377.0000		0.0126		
	378.0000		0.0120		
	379.0000		0.0120		
	380.0000		0.0120		
	381.0000		0.0120		
	382.0000		0.0120		
	383.0000		0.0120		
	384.0000		0.0120		
	385.0000		0.0120		
	386.0000		0.0120		
	387.0000		0.0120		
	388.0000		0.0120		
	389.0000		0.0120		
	390.0000		0.0120		
	391.0000		0.0116		
	392.0000		0.0114		
	393.0000		0.0106		
	394.0000		0.0100		
	395.0000		0.0100		
	396.0000		0.0100		
	397.0000		0.0100		
	398.0000		0.0104		
	399.0000		0.0102		
	400.0000		0.0102		
	401.0000		0.0110		
	402.0000		0.0114		
	403.0000		0.0120		
	404.0000		0.0118		
	405.0000		0.0120		
	406.0000		0.0120		
	407.0000		0.0120		
	408.0000		0.0120		
	409.0000		0.0135		
	410.0000		0.0147		
	411.0000		0.0150		
	412.0000		0.0150		
	413.0000		0.0150		
	414.0000		0.0132		
	415.0000		0.0123		
	416.0000		0.0129		
	417.0000		0.0138		
	418.0000		0.0150		
	419.0000		0.0150		
	420.0000		0.0150		
	421.0000		0.0152		
	422.0000		0.0162		
	423.0000		0.0170		
	424.0000		0.0170		
	425.0000		0.0166		
	426.0000		0.0166		
	427.0000		0.0170		
	428.0000		0.0170		
	429.0000		0.0166		
	430.0000		0.0168		
	431.0000		0.0170		
	432.0000		0.0170		
	433.0000		0.0170		
	434.0000		0.0170		
	435.0000		0.0170		
	436.0000		0.0182		
	437.0000		0.0200		
	438.0000		0.0202		
	439.0000		0.0220		
	440.0000		0.0220		
	441.0000		0.0220		
	442.0000		0.0220		
	443.0000		0.0223		
	444.0000		0.0223		
	445.0000		0.0220		
	446.0000		0.0220		
	447.0000		0.0216		
	448.0000		0.0208		
	449.0000		0.0200		
	450.0000		0.0200		
	451.0000		0.0185		
	452.0000		0.0170		
	453.0000		0.0170		
	454.0000		0.0170		
	455.0000		0.0170		
	456.0000		0.0188		
	457.0000		0.0200		
	458.0000		0.0200		
	459.0000		0.0200		
	460.0000		0.0200		
	461.0000		0.0200		
	462.0000		0.0191		
	463.0000		0.0182		
	464.0000		0.0173		
	465.0000		0.0170		
	466.0000		0.0170		
	467.0000		0.0170		
	468.0000		0.0170		
	469.0000		0.0170		
	470.0000		0.0170		
	471.0000		0.0170		
	472.0000		0.0170		
	473.0000		0.0164		
	474.0000		0.0168		
	475.0000		0.0170		
	476.0000		0.0179		
	477.0000		0.0185		
	478.0000		0.0182		
	479.0000		0.0188		
	480.0000		0.0194		
	481.0000		0.0200		
	482.0000		0.0200		
	483.0000		0.0200		
	484.0000		0.0200		
	485.0000		0.0173		
	486.0000		0.0170		
	487.0000		0.0170		
	488.0000		0.0170		
	489.0000		0.0170		
	490.0000		0.0170		
	491.0000		0.0170		
	492.0000		0.0170		
	493.0000		0.0170		
	494.0000		0.0170		
	495.0000		0.0170		
	496.0000		0.0170		
	497.0000		0.0170		
	498.0000		0.0170		
	499.0000		0.0170		
	500.0000		0.0170		
	501.0000		0.0170		
	502.0000		0.0170		
	503.0000		0.0170		
	504.0000		0.0170		
	505.0000		0.0170		
	506.0000		0.0170		
	507.0000		0.0170		
	508.0000		0.0170		
	509.0000		0.0179		
	510.0000		0.0182		
	511.0000		0.0197		
	512.0000		0.0200		
	513.0000		0.0200		
	514.0000		0.0200		
	515.0000		0.0194		
	516.0000		0.0182		
	517.0000		0.0188		
	518.0000		0.0185		
	519.0000		0.0188		
	520.0000		0.0191		
	521.0000		0.0176		
	522.0000		0.0176		
	523.0000		0.0191		
	524.0000		0.0200		
	525.0000		0.0200		
	526.0000		0.0200		
	527.0000		0.0200		
	528.0000		0.0200		
	529.0000		0.0200		
	530.0000		0.0200		
	531.0000		0.0200		
	532.0000		0.0200		
	533.0000		0.0200		
	534.0000		0.0200		
	535.0000		0.0204		
	536.0000		0.0216		
	537.0000		0.0218		
	538.0000		0.0208		
	539.0000		0.0200		
	540.0000		0.0200		
	541.0000		0.0200		
	542.0000		0.0200		
	543.0000		0.0200		
	544.0000		0.0188		
	545.0000		0.0176		
	546.0000		0.0170		
	547.0000		0.0170		
	548.0000		0.0170		
	549.0000		0.0170		
	550.0000		0.0170		
	551.0000		0.0170		
	552.0000		0.0168		
	553.0000		0.0160		
	554.0000		0.0162		
	555.0000		0.0152		
	556.0000		0.0150		
	557.0000		0.0152		
	558.0000		0.0164		
	559.0000		0.0170		
	560.0000		0.0170		
	561.0000		0.0170		
	562.0000		0.0170		
	563.0000		0.0170		
	564.0000		0.0170		
	565.0000		0.0170		
	566.0000		0.0170		
	567.0000		0.0166		
	568.0000		0.0150		
	569.0000		0.0152		
	570.0000		0.0150		
	571.0000		0.0150		
	572.0000		0.0152		
	573.0000		0.0150		
	574.0000		0.0158		
	575.0000		0.0170		
	576.0000		0.0170		
	577.0000		0.0170		
	578.0000		0.0170		
	579.0000		0.0176		
	580.0000		0.0170		
	581.0000		0.0170		
	582.0000		0.0170		
	583.0000		0.0182		
	584.0000		0.0200		
	585.0000		0.0200		
	586.0000		0.0200		
	587.0000		0.0200		
	588.0000		0.0200		
	589.0000		0.0200		
	590.0000		0.0176		
	591.0000		0.0170		
	592.0000		0.0170		
	593.0000		0.0170		
	594.0000		0.0170		
	595.0000		0.0170		
	596.0000		0.0162		
	597.0000		0.0168		
	598.0000		0.0164		
	599.0000		0.0166		
	600.0000		0.0168		
	601.0000		0.0168		
	602.0000		0.0170		
	603.0000		0.0170		
	604.0000		0.0170		
	605.0000		0.0170		
	606.0000		0.0173		
	607.0000		0.0185		
	608.0000		0.0194		
	609.0000		0.0197		
	610.0000		0.0200		
	611.0000		0.0182		
	612.0000		0.0170		
	613.0000		0.0170		
	614.0000		0.0170		
	615.0000		0.0170		
	616.0000		0.0170		
	617.0000		0.0170		
	618.0000		0.0160		
	619.0000		0.0150		
	620.0000		0.0150		
	621.0000		0.0147		
	622.0000		0.0144		
	623.0000		0.0123		
	624.0000		0.0123		
	625.0000		0.0120		
	626.0000		0.0120		
	627.0000		0.0120		
	628.0000		0.0120		
	629.0000		0.0114		
	630.0000		0.0112		
	631.0000		0.0108		
	632.0000		0.0116		
	633.0000		0.0120		
	634.0000		0.0120		
	635.0000		0.0120		
	636.0000		0.0120		
	637.0000		0.0120		
	638.0000		0.0120		
	639.0000		0.0120		
	640.0000		0.0120		
	641.0000		0.0120		
	642.0000		0.0120		
	643.0000		0.0120		
	644.0000		0.0120		
	645.0000		0.0120		
	646.0000		0.0120		
	647.0000		0.0116		
	648.0000		0.0120		
	649.0000		0.0120		
	650.0000		0.0120		
	651.0000		0.0120		
	652.0000		0.0120		
	653.0000		0.0120		
	654.0000		0.0126		
	655.0000		0.0135		
	656.0000		0.0150		
	657.0000		0.0150		
	658.0000		0.0150		
	659.0000		0.0150		
	660.0000		0.0150		
	661.0000		0.0150		
	662.0000		0.0150		
	663.0000		0.0150		
	664.0000		0.0150		
	665.0000		0.0141		
	666.0000		0.0120		
	667.0000		0.0120		
	668.0000		0.0126		
	669.0000		0.0147		
	670.0000		0.0150		
	671.0000		0.0147		
	672.0000		0.0150		
	673.0000		0.0147		
	674.0000		0.0144		
	675.0000		0.0150		
	676.0000		0.0147		
	677.0000		0.0150		
	678.0000		0.0150		
	679.0000		0.0141		
	680.0000		0.0144		
	681.0000		0.0150		
	682.0000		0.0150		
	683.0000		0.0150		
	684.0000		0.0150		
	685.0000		0.0150		
	686.0000		0.0147		
	687.0000		0.0144		
	688.0000		0.0141		
	689.0000		0.0123		
	690.0000		0.0120		
	691.0000		0.0120		
	692.0000		0.0120		
	693.0000		0.0120		
	694.0000		0.0120		
	695.0000		0.0129		
	696.0000		0.0120		
	697.0000		0.0120		
	698.0000		0.0123		
	699.0000		0.0120		
	700.0000		0.0120		
	701.0000		0.0120		
	702.0000		0.0120		
	703.0000		0.0120		
	704.0000		0.0120		
	705.0000		0.0120		
	706.0000		0.0120		
	707.0000		0.0120		
	708.0000		0.0120		
	709.0000		0.0120		
	710.0000		0.0120		
	711.0000		0.0120		
	712.0000		0.0120		
	713.0000		0.0120		
	714.0000		0.0120		
	715.0000		0.0120		
	716.0000		0.0120		
	717.0000		0.0120		
	718.0000		0.0120		
	719.0000		0.0114		
	720.0000		0.0120		
	721.0000		0.0114		
	722.0000		0.0108		
	723.0000		0.0114		
	724.0000		0.0118		
	725.0000		0.0110		
	726.0000		0.0104		
	727.0000		0.0116		
	728.0000		0.0120		
	729.0000		0.0120		
	730.0000		0.0120		
	731.0000		0.0120		
	732.0000		0.0120		
	733.0000		0.0120		
	734.0000		0.0120		
	735.0000		0.0120		
	736.0000		0.0126		
	737.0000		0.0120		
	738.0000		0.0132		
	739.0000		0.0138		
	740.0000		0.0132		
	741.0000		0.0150		
	742.0000		0.0150		
	743.0000		0.0150		
	744.0000		0.0144		
	745.0000		0.0120		
	746.0000		0.0120		
	747.0000		0.0123		
	748.0000		0.0147		
	749.0000		0.0138		
	750.0000		0.0123		
	751.0000		0.0120		
	752.0000		0.0120		
	753.0000		0.0120		
	754.0000		0.0123		
	755.0000		0.0147		
	756.0000		0.0150		
	757.0000		0.0150		
	758.0000		0.0150		
	759.0000		0.0141		
	760.0000		0.0132		
	761.0000		0.0135		
	762.0000		0.0150		
	763.0000		0.0150		
	764.0000		0.0144		
	765.0000		0.0132		
	766.0000		0.0132		
	767.0000		0.0141		
	768.0000		0.0147		
	769.0000		0.0147		
	770.0000		0.0147		
	771.0000		0.0150		
	772.0000		0.0150		
	773.0000		0.0150		
	774.0000		0.0150		
	775.0000		0.0154		
	776.0000		0.0152		
	777.0000		0.0156		
	778.0000		0.0170		
	779.0000		0.0170		
	780.0000		0.0170		
	781.0000		0.0164		
	782.0000		0.0150		
	783.0000		0.0150		
	784.0000		0.0144		
	785.0000		0.0120		
	786.0000		0.0110		
	787.0000		0.0108		
	788.0000		0.0108		
	789.0000		0.0120		
	790.0000		0.0120		
	791.0000		0.0120		
	792.0000		0.0120		
	793.0000		0.0120		
	794.0000		0.0120		
	795.0000		0.0120		
	796.0000		0.0120		
	797.0000		0.0120		
	798.0000		0.0110		
	799.0000		0.0100		
	800.0000		0.0100		
	801.0000		0.0100		
	802.0000		0.0100		
	803.0000		0.0097		
	804.0000		0.0091		
	805.0000		0.0097		
	806.0000		0.0100		
	807.0000		0.0100		
	808.0000		0.0100		
	809.0000		0.0100		
	810.0000		0.0100		
	811.0000		0.0100		
	812.0000		0.0076		
	813.0000		0.0070		
	814.0000		0.0070		
	815.0000		0.0082		
	816.0000		0.0094		
	817.0000		0.0100		
	818.0000		0.0100		
	819.0000		0.0097		
	820.0000		0.0091		
	821.0000		0.0100		
	822.0000		0.0094		
	823.0000		0.0073		
	824.0000		0.0079		
	825.0000		0.0094		
	826.0000		0.0100		
	827.0000		0.0100		
	828.0000		0.0100		
	829.0000		0.0100		
	830.0000		0.0091		
	831.0000		0.0100		
	832.0000		0.0100		
	833.0000		0.0100		
	834.0000		0.0100		
	835.0000		0.0100		
	836.0000		0.0100		
	837.0000		0.0100		
	838.0000		0.0100		
	839.0000		0.0106		
	840.0000		0.0100		
	841.0000		0.0108		
	842.0000		0.0108		
	843.0000		0.0108		
	844.0000		0.0118		
	845.0000		0.0120		
	846.0000		0.0120		
	847.0000		0.0120		
	848.0000		0.0120		
	849.0000		0.0120		
	850.0000		0.0120		
	851.0000		0.0120		
	852.0000		0.0104		
	853.0000		0.0100		
	854.0000		0.0100		
	855.0000		0.0100		
	856.0000		0.0100		
	857.0000		0.0100		
	858.0000		0.0100		
	859.0000		0.0100		
	860.0000		0.0100		
	861.0000		0.0094		
	862.0000		0.0100		
	863.0000		0.0100		
	864.0000		0.0100		
	865.0000		0.0100		
	866.0000		0.0100		
	867.0000		0.0100		
	868.0000		0.0100		
	869.0000		0.0100		
	870.0000		0.0100		
	871.0000		0.0100		
	872.0000		0.0100		
	873.0000		0.0100		
	874.0000		0.0100		
	875.0000		0.0100		
	876.0000		0.0100		
	877.0000		0.0100		
	878.0000		0.0102		
	879.0000		0.0110		
	880.0000		0.0120		
	881.0000		0.0120		
	882.0000		0.0120		
	883.0000		0.0120		
	884.0000		0.0132		
	885.0000		0.0150		
	886.0000		0.0150		
	887.0000		0.0150		
	888.0000		0.0154		
	889.0000		0.0170		
	890.0000		0.0170		
	891.0000		0.0166		
	892.0000		0.0164		
	893.0000		0.0170		
	894.0000		0.0170		
	895.0000		0.0170		
	896.0000		0.0170		
	897.0000		0.0170		
	898.0000		0.0170		
	899.0000		0.0170		
END
