IGOR
X| Tue Jul 04 18:55:50 2017
X|   0.000000000000 0 X|
X|   0.000000000000 0 X|
X|   0.000000000000 0 X|
X|   0.000000000000 0 X|
X| data_type 	 num_points 	 num_chans 	 shots_per_read 	 reads_per_point 	 num_sweeps
X|      0   			  900   		     1    		   30  		    10     			   1
WAVES	  XDATA  Z1DATA	 
BEGIN
	0.0000		-0.2696		
	1.0000		-0.2646		
	2.0000		-0.2629		
	3.0000		-0.2602		
	4.0000		-0.2522		
	5.0000		-0.2434		
	6.0000		-0.2396		
	7.0000		-0.2370		
	8.0000		-0.2358		
	9.0000		-0.2368		
	10.0000		-0.2370		
	11.0000		-0.2368		
	12.0000		-0.2293		
	13.0000		-0.1783		
	14.0000		-0.1660		
	15.0000		-0.1818		
	16.0000		-0.1929		
	17.0000		-0.2026		
	18.0000		-0.2104		
	19.0000		-0.2175		
	20.0000		-0.2262		
	21.0000		-0.2312		
	22.0000		-0.2349		
	23.0000		-0.2382		
	24.0000		-0.2404		
	25.0000		-0.2416		
	26.0000		-0.2426		
	27.0000		-0.2418		
	28.0000		-0.2402		
	29.0000		-0.2402		
	30.0000		-0.2416		
	31.0000		-0.2430		
	32.0000		-0.2444		
	33.0000		-0.2435		
	34.0000		-0.2408		
	35.0000		-0.2362		
	36.0000		-0.2308		
	37.0000		-0.2282		
	38.0000		-0.2268		
	39.0000		-0.2290		
	40.0000		-0.2317		
	41.0000		-0.2335		
	42.0000		-0.2350		
	43.0000		-0.2350		
	44.0000		-0.2358		
	45.0000		-0.2370		
	46.0000		-0.2370		
	47.0000		-0.2379		
	48.0000		-0.2388		
	49.0000		-0.2388		
	50.0000		-0.2373		
	51.0000		-0.2370		
	52.0000		-0.2370		
	53.0000		-0.2376		
	54.0000		-0.2370		
	55.0000		-0.2373		
	56.0000		-0.2385		
	57.0000		-0.2399		
	58.0000		-0.2379		
	59.0000		-0.2370		
	60.0000		-0.2370		
	61.0000		-0.2370		
	62.0000		-0.2370		
	63.0000		-0.2373		
	64.0000		-0.2370		
	65.0000		-0.2370		
	66.0000		-0.2370		
	67.0000		-0.2370		
	68.0000		-0.2367		
	69.0000		-0.2350		
	70.0000		-0.2358		
	71.0000		-0.2373		
	72.0000		-0.2373		
	73.0000		-0.2373		
	74.0000		-0.2370		
	75.0000		-0.2362		
	76.0000		-0.2354		
	77.0000		-0.2358		
	78.0000		-0.2350		
	79.0000		-0.2350		
	80.0000		-0.2335		
	81.0000		-0.2323		
	82.0000		-0.2332		
	83.0000		-0.2360		
	84.0000		-0.2368		
	85.0000		-0.2344		
	86.0000		-0.2321		
	87.0000		-0.2323		
	88.0000		-0.2320		
	89.0000		-0.2356		
	90.0000		-0.2372		
	91.0000		-0.2397		
	92.0000		-0.2382		
	93.0000		-0.2400		
	94.0000		-0.2388		
	95.0000		-0.2385		
	96.0000		-0.2400		
	97.0000		-0.2414		
	98.0000		-0.2410		
	99.0000		-0.2405		
	100.0000		-0.2373		
	101.0000		-0.2368		
	102.0000		-0.2370		
	103.0000		-0.2366		
	104.0000		-0.2356		
	105.0000		-0.2350		
	106.0000		-0.2350		
	107.0000		-0.2360		
	108.0000		-0.2370		
	109.0000		-0.2364		
	110.0000		-0.2385		
	111.0000		-0.2406		
	112.0000		-0.2418		
	113.0000		-0.2412		
	114.0000		-0.2414		
	115.0000		-0.2426		
	116.0000		-0.2416		
	117.0000		-0.2420		
	118.0000		-0.2418		
	119.0000		-0.2400		
	120.0000		-0.2373		
	121.0000		-0.2354		
	122.0000		-0.2351		
	123.0000		-0.2338		
	124.0000		-0.2335		
	125.0000		-0.2332		
	126.0000		-0.2329		
	127.0000		-0.2350		
	128.0000		-0.2350		
	129.0000		-0.2366		
	130.0000		-0.2362		
	131.0000		-0.2349		
	132.0000		-0.2351		
	133.0000		-0.2356		
	134.0000		-0.2360		
	135.0000		-0.2360		
	136.0000		-0.2350		
	137.0000		-0.2350		
	138.0000		-0.2362		
	139.0000		-0.2378		
	140.0000		-0.2397		
	141.0000		-0.2397		
	142.0000		-0.2404		
	143.0000		-0.2404		
	144.0000		-0.2429		
	145.0000		-0.2450		
	146.0000		-0.2450		
	147.0000		-0.2450		
	148.0000		-0.2458		
	149.0000		-0.2447		
	150.0000		-0.2429		
	151.0000		-0.2440		
	152.0000		-0.2444		
	153.0000		-0.2435		
	154.0000		-0.2416		
	155.0000		-0.2425		
	156.0000		-0.2450		
	157.0000		-0.2450		
	158.0000		-0.2450		
	159.0000		-0.2450		
	160.0000		-0.2420		
	161.0000		-0.2410		
	162.0000		-0.2408		
	163.0000		-0.2400		
	164.0000		-0.2416		
	165.0000		-0.2416		
	166.0000		-0.2414		
	167.0000		-0.2426		
	168.0000		-0.2420		
	169.0000		-0.2418		
	170.0000		-0.2402		
	171.0000		-0.2401		
	172.0000		-0.2376		
	173.0000		-0.2400		
	174.0000		-0.2391		
	175.0000		-0.2370		
	176.0000		-0.2391		
	177.0000		-0.2400		
	178.0000		-0.2408		
	179.0000		-0.2412		
	180.0000		-0.2400		
	181.0000		-0.2410		
	182.0000		-0.2400		
	183.0000		-0.2385		
	184.0000		-0.2370		
	185.0000		-0.2340		
	186.0000		-0.2314		
	187.0000		-0.2310		
	188.0000		-0.2276		
	189.0000		-0.2268		
	190.0000		-0.2250		
	191.0000		-0.2252		
	192.0000		-0.2268		
	193.0000		-0.2270		
	194.0000		-0.2268		
	195.0000		-0.2254		
	196.0000		-0.2256		
	197.0000		-0.2265		
	198.0000		-0.2282		
	199.0000		-0.2270		
	200.0000		-0.2256		
	201.0000		-0.2262		
	202.0000		-0.2256		
	203.0000		-0.2250		
	204.0000		-0.2241		
	205.0000		-0.2252		
	206.0000		-0.2252		
	207.0000		-0.2266		
	208.0000		-0.2256		
	209.0000		-0.2252		
	210.0000		-0.2264		
	211.0000		-0.2268		
	212.0000		-0.2268		
	213.0000		-0.1944		
	214.0000		-0.1914		
	215.0000		-0.2002		
	216.0000		-0.2090		
	217.0000		-0.2161		
	218.0000		-0.2221		
	219.0000		-0.2256		
	220.0000		-0.2268		
	221.0000		-0.2258		
	222.0000		-0.2270		
	223.0000		-0.2270		
	224.0000		-0.2252		
	225.0000		-0.2260		
	226.0000		-0.2232		
	227.0000		-0.2214		
	228.0000		-0.2206		
	229.0000		-0.2212		
	230.0000		-0.2221		
	231.0000		-0.2220		
	232.0000		-0.2242		
	233.0000		-0.2266		
	234.0000		-0.2270		
	235.0000		-0.2288		
	236.0000		-0.2288		
	237.0000		-0.2297		
	238.0000		-0.2291		
	239.0000		-0.2297		
	240.0000		-0.2288		
	241.0000		-0.2312		
	242.0000		-0.2321		
	243.0000		-0.2326		
	244.0000		-0.2347		
	245.0000		-0.2350		
	246.0000		-0.2350		
	247.0000		-0.2350		
	248.0000		-0.2354		
	249.0000		-0.2332		
	250.0000		-0.2310		
	251.0000		-0.2314		
	252.0000		-0.2300		
	253.0000		-0.2306		
	254.0000		-0.2302		
	255.0000		-0.2300		
	256.0000		-0.2300		
	257.0000		-0.2297		
	258.0000		-0.2285		
	259.0000		-0.2300		
	260.0000		-0.2273		
	261.0000		-0.2270		
	262.0000		-0.2270		
	263.0000		-0.2270		
	264.0000		-0.2300		
	265.0000		-0.2277		
	266.0000		-0.2270		
	267.0000		-0.2288		
	268.0000		-0.2331		
	269.0000		-0.2338		
	270.0000		-0.2304		
	271.0000		-0.2282		
	272.0000		-0.2270		
	273.0000		-0.2303		
	274.0000		-0.2320		
	275.0000		-0.2312		
	276.0000		-0.2308		
	277.0000		-0.2323		
	278.0000		-0.2329		
	279.0000		-0.2356		
	280.0000		-0.2362		
	281.0000		-0.2376		
	282.0000		-0.2376		
	283.0000		-0.2399		
	284.0000		-0.2420		
	285.0000		-0.2416		
	286.0000		-0.2402		
	287.0000		-0.2382		
	288.0000		-0.2400		
	289.0000		-0.2400		
	290.0000		-0.2388		
	291.0000		-0.2385		
	292.0000		-0.2370		
	293.0000		-0.2366		
	294.0000		-0.2370		
	295.0000		-0.2385		
	296.0000		-0.2400		
	297.0000		-0.2376		
	298.0000		-0.2370		
	299.0000		-0.2360		
	300.0000		-0.2360		
	301.0000		-0.2352		
	302.0000		-0.2354		
	303.0000		-0.2341		
	304.0000		-0.2347		
	305.0000		-0.2354		
	306.0000		-0.2350		
	307.0000		-0.2368		
	308.0000		-0.2370		
	309.0000		-0.2368		
	310.0000		-0.2352		
	311.0000		-0.2362		
	312.0000		-0.2352		
	313.0000		-0.2356		
	314.0000		-0.2368		
	315.0000		-0.2370		
	316.0000		-0.2362		
	317.0000		-0.2347		
	318.0000		-0.2347		
	319.0000		-0.2332		
	320.0000		-0.2323		
	321.0000		-0.2332		
	322.0000		-0.2350		
	323.0000		-0.2335		
	324.0000		-0.2332		
	325.0000		-0.2316		
	326.0000		-0.2304		
	327.0000		-0.2300		
	328.0000		-0.2320		
	329.0000		-0.2310		
	330.0000		-0.2327		
	331.0000		-0.2320		
	332.0000		-0.2335		
	333.0000		-0.2350		
	334.0000		-0.2358		
	335.0000		-0.2368		
	336.0000		-0.2350		
	337.0000		-0.2350		
	338.0000		-0.2350		
	339.0000		-0.2323		
	340.0000		-0.2335		
	341.0000		-0.2335		
	342.0000		-0.2318		
	343.0000		-0.2326		
	344.0000		-0.2341		
	345.0000		-0.2316		
	346.0000		-0.2323		
	347.0000		-0.2326		
	348.0000		-0.2350		
	349.0000		-0.2338		
	350.0000		-0.2316		
	351.0000		-0.2323		
	352.0000		-0.2332		
	353.0000		-0.2320		
	354.0000		-0.2335		
	355.0000		-0.2347		
	356.0000		-0.2332		
	357.0000		-0.2327		
	358.0000		-0.2312		
	359.0000		-0.2306		
	360.0000		-0.2306		
	361.0000		-0.2329		
	362.0000		-0.2354		
	363.0000		-0.2368		
	364.0000		-0.2370		
	365.0000		-0.2370		
	366.0000		-0.2370		
	367.0000		-0.2373		
	368.0000		-0.2400		
	369.0000		-0.2400		
	370.0000		-0.2394		
	371.0000		-0.2382		
	372.0000		-0.2368		
	373.0000		-0.2370		
	374.0000		-0.2370		
	375.0000		-0.2356		
	376.0000		-0.2350		
	377.0000		-0.2376		
	378.0000		-0.2368		
	379.0000		-0.2370		
	380.0000		-0.2345		
	381.0000		-0.2335		
	382.0000		-0.2323		
	383.0000		-0.2308		
	384.0000		-0.2323		
	385.0000		-0.2316		
	386.0000		-0.2291		
	387.0000		-0.2294		
	388.0000		-0.2313		
	389.0000		-0.2341		
	390.0000		-0.2347		
	391.0000		-0.2349		
	392.0000		-0.2362		
	393.0000		-0.2338		
	394.0000		-0.2350		
	395.0000		-0.2335		
	396.0000		-0.2329		
	397.0000		-0.2318		
	398.0000		-0.2318		
	399.0000		-0.2329		
	400.0000		-0.2354		
	401.0000		-0.2370		
	402.0000		-0.2370		
	403.0000		-0.2370		
	404.0000		-0.2382		
	405.0000		-0.2400		
	406.0000		-0.2400		
	407.0000		-0.2400		
	408.0000		-0.2400		
	409.0000		-0.2394		
	410.0000		-0.2373		
	411.0000		-0.2360		
	412.0000		-0.2360		
	413.0000		-0.2366		
	414.0000		-0.2345		
	415.0000		-0.2341		
	416.0000		-0.2350		
	417.0000		-0.2350		
	418.0000		-0.2360		
	419.0000		-0.2356		
	420.0000		-0.2370		
	421.0000		-0.2370		
	422.0000		-0.2370		
	423.0000		-0.2360		
	424.0000		-0.2360		
	425.0000		-0.2373		
	426.0000		-0.2370		
	427.0000		-0.2356		
	428.0000		-0.2349		
	429.0000		-0.2348		
	430.0000		-0.2332		
	431.0000		-0.2329		
	432.0000		-0.2344		
	433.0000		-0.2350		
	434.0000		-0.2356		
	435.0000		-0.2350		
	436.0000		-0.2364		
	437.0000		-0.2388		
	438.0000		-0.2370		
	439.0000		-0.2394		
	440.0000		-0.2397		
	441.0000		-0.2394		
	442.0000		-0.2373		
	443.0000		-0.2376		
	444.0000		-0.2397		
	445.0000		-0.2397		
	446.0000		-0.2408		
	447.0000		-0.2408		
	448.0000		-0.2435		
	449.0000		-0.2418		
	450.0000		-0.2416		
	451.0000		-0.2410		
	452.0000		-0.2394		
	453.0000		-0.2370		
	454.0000		-0.2368		
	455.0000		-0.2358		
	456.0000		-0.2388		
	457.0000		-0.2376		
	458.0000		-0.2373		
	459.0000		-0.2373		
	460.0000		-0.2364		
	461.0000		-0.2370		
	462.0000		-0.2370		
	463.0000		-0.2370		
	464.0000		-0.2362		
	465.0000		-0.2348		
	466.0000		-0.2335		
	467.0000		-0.2335		
	468.0000		-0.2335		
	469.0000		-0.2352		
	470.0000		-0.2327		
	471.0000		-0.2304		
	472.0000		-0.2318		
	473.0000		-0.2320		
	474.0000		-0.2326		
	475.0000		-0.2332		
	476.0000		-0.2323		
	477.0000		-0.2347		
	478.0000		-0.2352		
	479.0000		-0.2341		
	480.0000		-0.2320		
	481.0000		-0.2320		
	482.0000		-0.2355		
	483.0000		-0.2368		
	484.0000		-0.2382		
	485.0000		-0.2397		
	486.0000		-0.2391		
	487.0000		-0.2376		
	488.0000		-0.2376		
	489.0000		-0.2370		
	490.0000		-0.2382		
	491.0000		-0.2379		
	492.0000		-0.2391		
	493.0000		-0.2364		
	494.0000		-0.2370		
	495.0000		-0.2370		
	496.0000		-0.2391		
	497.0000		-0.2404		
	498.0000		-0.2401		
	499.0000		-0.2379		
	500.0000		-0.2373		
	501.0000		-0.2391		
	502.0000		-0.2391		
	503.0000		-0.2376		
	504.0000		-0.2400		
	505.0000		-0.2397		
	506.0000		-0.2410		
	507.0000		-0.2418		
	508.0000		-0.2416		
	509.0000		-0.2400		
	510.0000		-0.2397		
	511.0000		-0.2370		
	512.0000		-0.2373		
	513.0000		-0.2376		
	514.0000		-0.2356		
	515.0000		-0.2368		
	516.0000		-0.2370		
	517.0000		-0.2368		
	518.0000		-0.2388		
	519.0000		-0.2397		
	520.0000		-0.2394		
	521.0000		-0.2376		
	522.0000		-0.2400		
	523.0000		-0.2410		
	524.0000		-0.2412		
	525.0000		-0.2408		
	526.0000		-0.2394		
	527.0000		-0.2382		
	528.0000		-0.2394		
	529.0000		-0.2400		
	530.0000		-0.2400		
	531.0000		-0.2400		
	532.0000		-0.2397		
	533.0000		-0.2400		
	534.0000		-0.2400		
	535.0000		-0.2397		
	536.0000		-0.2404		
	537.0000		-0.2404		
	538.0000		-0.2406		
	539.0000		-0.2421		
	540.0000		-0.2426		
	541.0000		-0.2420		
	542.0000		-0.2420		
	543.0000		-0.2416		
	544.0000		-0.2412		
	545.0000		-0.2420		
	546.0000		-0.2418		
	547.0000		-0.2420		
	548.0000		-0.2420		
	549.0000		-0.2412		
	550.0000		-0.2408		
	551.0000		-0.2410		
	552.0000		-0.2418		
	553.0000		-0.2432		
	554.0000		-0.2412		
	555.0000		-0.2424		
	556.0000		-0.2416		
	557.0000		-0.2418		
	558.0000		-0.2414		
	559.0000		-0.2426		
	560.0000		-0.2435		
	561.0000		-0.2452		
	562.0000		-0.2456		
	563.0000		-0.2447		
	564.0000		-0.2426		
	565.0000		-0.2400		
	566.0000		-0.2388		
	567.0000		-0.2388		
	568.0000		-0.2400		
	569.0000		-0.2391		
	570.0000		-0.2400		
	571.0000		-0.2400		
	572.0000		-0.2400		
	573.0000		-0.2400		
	574.0000		-0.2406		
	575.0000		-0.2414		
	576.0000		-0.2420		
	577.0000		-0.2426		
	578.0000		-0.2450		
	579.0000		-0.2447		
	580.0000		-0.2450		
	581.0000		-0.2438		
	582.0000		-0.2460		
	583.0000		-0.2473		
	584.0000		-0.2500		
	585.0000		-0.2497		
	586.0000		-0.2485		
	587.0000		-0.2468		
	588.0000		-0.2452		
	589.0000		-0.2432		
	590.0000		-0.2441		
	591.0000		-0.2423		
	592.0000		-0.2407		
	593.0000		-0.2382		
	594.0000		-0.2406		
	595.0000		-0.2416		
	596.0000		-0.2420		
	597.0000		-0.2432		
	598.0000		-0.2420		
	599.0000		-0.2432		
	600.0000		-0.2423		
	601.0000		-0.2423		
	602.0000		-0.2422		
	603.0000		-0.2414		
	604.0000		-0.2438		
	605.0000		-0.2426		
	606.0000		-0.2420		
	607.0000		-0.2420		
	608.0000		-0.2412		
	609.0000		-0.2406		
	610.0000		-0.2418		
	611.0000		-0.2420		
	612.0000		-0.2432		
	613.0000		-0.2450		
	614.0000		-0.2454		
	615.0000		-0.2448		
	616.0000		-0.2452		
	617.0000		-0.2464		
	618.0000		-0.2470		
	619.0000		-0.2482		
	620.0000		-0.2491		
	621.0000		-0.2494		
	622.0000		-0.2470		
	623.0000		-0.2497		
	624.0000		-0.2512		
	625.0000		-0.2520		
	626.0000		-0.2523		
	627.0000		-0.2518		
	628.0000		-0.2520		
	629.0000		-0.2556		
	630.0000		-0.2552		
	631.0000		-0.2526		
	632.0000		-0.2520		
	633.0000		-0.2538		
	634.0000		-0.2550		
	635.0000		-0.2560		
	636.0000		-0.2568		
	637.0000		-0.2570		
	638.0000		-0.2564		
	639.0000		-0.2550		
	640.0000		-0.2532		
	641.0000		-0.2535		
	642.0000		-0.2535		
	643.0000		-0.2523		
	644.0000		-0.2529		
	645.0000		-0.2526		
	646.0000		-0.2547		
	647.0000		-0.2544		
	648.0000		-0.2547		
	649.0000		-0.2523		
	650.0000		-0.2529		
	651.0000		-0.2523		
	652.0000		-0.2523		
	653.0000		-0.2526		
	654.0000		-0.2550		
	655.0000		-0.2550		
	656.0000		-0.2554		
	657.0000		-0.2558		
	658.0000		-0.2570		
	659.0000		-0.2570		
	660.0000		-0.2573		
	661.0000		-0.2600		
	662.0000		-0.2570		
	663.0000		-0.2556		
	664.0000		-0.2552		
	665.0000		-0.2550		
	666.0000		-0.2566		
	667.0000		-0.2570		
	668.0000		-0.2558		
	669.0000		-0.2550		
	670.0000		-0.2538		
	671.0000		-0.2520		
	672.0000		-0.2523		
	673.0000		-0.2538		
	674.0000		-0.2568		
	675.0000		-0.2591		
	676.0000		-0.2618		
	677.0000		-0.2604		
	678.0000		-0.2602		
	679.0000		-0.2600		
	680.0000		-0.2600		
	681.0000		-0.2594		
	682.0000		-0.2612		
	683.0000		-0.2618		
	684.0000		-0.2616		
	685.0000		-0.2614		
	686.0000		-0.2635		
	687.0000		-0.2650		
	688.0000		-0.2644		
	689.0000		-0.2650		
	690.0000		-0.2654		
	691.0000		-0.2635		
	692.0000		-0.2621		
	693.0000		-0.2629		
	694.0000		-0.2620		
	695.0000		-0.2635		
	696.0000		-0.2650		
	697.0000		-0.2629		
	698.0000		-0.2620		
	699.0000		-0.2620		
	700.0000		-0.2635		
	701.0000		-0.2623		
	702.0000		-0.2620		
	703.0000		-0.2623		
	704.0000		-0.2602		
	705.0000		-0.2618		
	706.0000		-0.2620		
	707.0000		-0.2620		
	708.0000		-0.2616		
	709.0000		-0.2616		
	710.0000		-0.2612		
	711.0000		-0.2620		
	712.0000		-0.2616		
	713.0000		-0.2612		
	714.0000		-0.2585		
	715.0000		-0.2568		
	716.0000		-0.2552		
	717.0000		-0.2544		
	718.0000		-0.2526		
	719.0000		-0.2550		
	720.0000		-0.2544		
	721.0000		-0.2520		
	722.0000		-0.2547		
	723.0000		-0.2564		
	724.0000		-0.2576		
	725.0000		-0.2567		
	726.0000		-0.2547		
	727.0000		-0.2520		
	728.0000		-0.2520		
	729.0000		-0.2524		
	730.0000		-0.2490		
	731.0000		-0.2479		
	732.0000		-0.2468		
	733.0000		-0.2470		
	734.0000		-0.2456		
	735.0000		-0.2435		
	736.0000		-0.2400		
	737.0000		-0.2416		
	738.0000		-0.2402		
	739.0000		-0.2391		
	740.0000		-0.2376		
	741.0000		-0.2370		
	742.0000		-0.2354		
	743.0000		-0.2352		
	744.0000		-0.2326		
	745.0000		-0.2318		
	746.0000		-0.2320		
	747.0000		-0.2320		
	748.0000		-0.2306		
	749.0000		-0.2306		
	750.0000		-0.2285		
	751.0000		-0.2264		
	752.0000		-0.2266		
	753.0000		-0.2270		
	754.0000		-0.2270		
	755.0000		-0.2279		
	756.0000		-0.2272		
	757.0000		-0.2264		
	758.0000		-0.2247		
	759.0000		-0.2249		
	760.0000		-0.2250		
	761.0000		-0.2235		
	762.0000		-0.2223		
	763.0000		-0.2258		
	764.0000		-0.2270		
	765.0000		-0.2270		
	766.0000		-0.2258		
	767.0000		-0.2270		
	768.0000		-0.2270		
	769.0000		-0.2250		
	770.0000		-0.2238		
	771.0000		-0.2270		
	772.0000		-0.2256		
	773.0000		-0.2266		
	774.0000		-0.2268		
	775.0000		-0.2273		
	776.0000		-0.2300		
	777.0000		-0.2297		
	778.0000		-0.2291		
	779.0000		-0.2294		
	780.0000		-0.2273		
	781.0000		-0.2270		
	782.0000		-0.2270		
	783.0000		-0.2270		
	784.0000		-0.2273		
	785.0000		-0.2297		
	786.0000		-0.2282		
	787.0000		-0.2260		
	788.0000		-0.2247		
	789.0000		-0.2221		
	790.0000		-0.2247		
	791.0000		-0.2268		
	792.0000		-0.2300		
	793.0000		-0.2285		
	794.0000		-0.2270		
	795.0000		-0.2268		
	796.0000		-0.2252		
	797.0000		-0.2252		
	798.0000		-0.2244		
	799.0000		-0.2220		
	800.0000		-0.2226		
	801.0000		-0.2223		
	802.0000		-0.2226		
	803.0000		-0.2238		
	804.0000		-0.2223		
	805.0000		-0.2241		
	806.0000		-0.2258		
	807.0000		-0.2250		
	808.0000		-0.2250		
	809.0000		-0.2236		
	810.0000		-0.2216		
	811.0000		-0.2214		
	812.0000		-0.2202		
	813.0000		-0.2206		
	814.0000		-0.2200		
	815.0000		-0.2210		
	816.0000		-0.2200		
	817.0000		-0.2210		
	818.0000		-0.2218		
	819.0000		-0.2220		
	820.0000		-0.2220		
	821.0000		-0.2220		
	822.0000		-0.2220		
	823.0000		-0.2204		
	824.0000		-0.2182		
	825.0000		-0.2176		
	826.0000		-0.2170		
	827.0000		-0.2197		
	828.0000		-0.2204		
	829.0000		-0.2188		
	830.0000		-0.2168		
	831.0000		-0.2176		
	832.0000		-0.2185		
	833.0000		-0.2210		
	834.0000		-0.2202		
	835.0000		-0.2197		
	836.0000		-0.2182		
	837.0000		-0.2176		
	838.0000		-0.2170		
	839.0000		-0.2176		
	840.0000		-0.2168		
	841.0000		-0.2156		
	842.0000		-0.2132		
	843.0000		-0.2120		
	844.0000		-0.2120		
	845.0000		-0.2120		
	846.0000		-0.2126		
	847.0000		-0.2144		
	848.0000		-0.2129		
	849.0000		-0.2147		
	850.0000		-0.2164		
	851.0000		-0.2152		
	852.0000		-0.2174		
	853.0000		-0.2212		
	854.0000		-0.2232		
	855.0000		-0.2232		
	856.0000		-0.2250		
	857.0000		-0.2254		
	858.0000		-0.2279		
	859.0000		-0.2291		
	860.0000		-0.2270		
	861.0000		-0.2270		
	862.0000		-0.2266		
	863.0000		-0.2256		
	864.0000		-0.2270		
	865.0000		-0.2262		
	866.0000		-0.2252		
	867.0000		-0.2226		
	868.0000		-0.2220		
	869.0000		-0.2235		
	870.0000		-0.2247		
	871.0000		-0.2250		
	872.0000		-0.2241		
	873.0000		-0.2238		
	874.0000		-0.2260		
	875.0000		-0.2268		
	876.0000		-0.2260		
	877.0000		-0.2273		
	878.0000		-0.2304		
	879.0000		-0.2316		
	880.0000		-0.2332		
	881.0000		-0.2335		
	882.0000		-0.2320		
	883.0000		-0.2302		
	884.0000		-0.2288		
	885.0000		-0.2270		
	886.0000		-0.2288		
	887.0000		-0.2279		
	888.0000		-0.2287		
	889.0000		-0.2291		
	890.0000		-0.2270		
	891.0000		-0.2273		
	892.0000		-0.2268		
	893.0000		-0.2268		
	894.0000		-0.2270		
	895.0000		-0.2260		
	896.0000		-0.2268		
	897.0000		-0.2270		
	898.0000		-0.2270		
	899.0000		-0.2264		
END
