IGOR
X| Thu Jul 20 18:05:07 2017
X|   0.000000000000 0 X|
X|   0.000000000000 0 X|
X|   0.000000000000 0 X|
X|   0.000000000000 0 X|
X| data_type 	 num_points 	 num_chans 	 shots_per_read 	 reads_per_point 	 num_sweeps
X|      0   			  900   		     1    		   30  		    10     			   1
WAVES	  XDATA  Z1DATA	 
BEGIN
	0.0000		-0.2524		
	1.0000		-0.2541		
	2.0000		-0.2523		
	3.0000		-0.2532		
	4.0000		-0.2486		
	5.0000		-0.2332		
	6.0000		-0.2267		
	7.0000		-0.2217		
	8.0000		-0.2180		
	9.0000		-0.2184		
	10.0000		-0.2154		
	11.0000		-0.2164		
	12.0000		-0.2113		
	13.0000		-0.2045		
	14.0000		-0.0281		
	15.0000		0.0418		
	16.0000		0.0195		
	17.0000		-0.0344		
	18.0000		-0.0749		
	19.0000		-0.1060		
	20.0000		-0.1280		
	21.0000		-0.1443		
	22.0000		-0.1545		
	23.0000		-0.1645		
	24.0000		-0.1696		
	25.0000		-0.1771		
	26.0000		-0.1839		
	27.0000		-0.1858		
	28.0000		-0.1871		
	29.0000		-0.1873		
	30.0000		-0.1873		
	31.0000		-0.1881		
	32.0000		-0.1888		
	33.0000		-0.1921		
	34.0000		-0.1877		
	35.0000		-0.1874		
	36.0000		-0.1932		
	37.0000		-0.1932		
	38.0000		-0.1962		
	39.0000		-0.1996		
	40.0000		-0.1994		
	41.0000		-0.1943		
	42.0000		-0.1940		
	43.0000		-0.1943		
	44.0000		-0.1972		
	45.0000		-0.1968		
	46.0000		-0.1954		
	47.0000		-0.1891		
	48.0000		-0.1835		
	49.0000		-0.1797		
	50.0000		-0.1766		
	51.0000		-0.1770		
	52.0000		-0.1836		
	53.0000		-0.1810		
	54.0000		-0.1823		
	55.0000		-0.1837		
	56.0000		-0.1829		
	57.0000		-0.1874		
	58.0000		-0.1887		
	59.0000		-0.1890		
	60.0000		-0.1846		
	61.0000		-0.1850		
	62.0000		-0.1876		
	63.0000		-0.1908		
	64.0000		-0.1905		
	65.0000		-0.1902		
	66.0000		-0.1919		
	67.0000		-0.1951		
	68.0000		-0.1986		
	69.0000		-0.1997		
	70.0000		-0.1962		
	71.0000		-0.1951		
	72.0000		-0.1942		
	73.0000		-0.1971		
	74.0000		-0.1965		
	75.0000		-0.1967		
	76.0000		-0.1920		
	77.0000		-0.1926		
	78.0000		-0.1898		
	79.0000		-0.1867		
	80.0000		-0.1862		
	81.0000		-0.1873		
	82.0000		-0.1896		
	83.0000		-0.1897		
	84.0000		-0.1890		
	85.0000		-0.1885		
	86.0000		-0.1870		
	87.0000		-0.1854		
	88.0000		-0.1853		
	89.0000		-0.1909		
	90.0000		-0.1962		
	91.0000		-0.1938		
	92.0000		-0.1979		
	93.0000		-0.1952		
	94.0000		-0.1935		
	95.0000		-0.1912		
	96.0000		-0.1865		
	97.0000		-0.1808		
	98.0000		-0.1842		
	99.0000		-0.1913		
	100.0000		-0.1938		
	101.0000		-0.1926		
	102.0000		-0.1956		
	103.0000		-0.1908		
	104.0000		-0.1882		
	105.0000		-0.1906		
	106.0000		-0.1982		
	107.0000		-0.2013		
	108.0000		-0.1967		
	109.0000		-0.1962		
	110.0000		-0.1932		
	111.0000		-0.1951		
	112.0000		-0.1926		
	113.0000		-0.1935		
	114.0000		-0.1878		
	115.0000		-0.1954		
	116.0000		-0.1959		
	117.0000		-0.1929		
	118.0000		-0.1860		
	119.0000		-0.1841		
	120.0000		-0.1821		
	121.0000		-0.1841		
	122.0000		-0.1864		
	123.0000		-0.1882		
	124.0000		-0.1926		
	125.0000		-0.1968		
	126.0000		-0.2004		
	127.0000		-0.2029		
	128.0000		-0.2037		
	129.0000		-0.2026		
	130.0000		-0.2012		
	131.0000		-0.1980		
	132.0000		-0.1972		
	133.0000		-0.1970		
	134.0000		-0.1963		
	135.0000		-0.1929		
	136.0000		-0.1932		
	137.0000		-0.1892		
	138.0000		-0.1896		
	139.0000		-0.1902		
	140.0000		-0.1889		
	141.0000		-0.1954		
	142.0000		-0.1938		
	143.0000		-0.1893		
	144.0000		-0.1859		
	145.0000		-0.1835		
	146.0000		-0.1864		
	147.0000		-0.1875		
	148.0000		-0.1915		
	149.0000		-0.1937		
	150.0000		-0.1921		
	151.0000		-0.1925		
	152.0000		-0.1951		
	153.0000		-0.1929		
	154.0000		-0.1921		
	155.0000		-0.1902		
	156.0000		-0.1893		
	157.0000		-0.1930		
	158.0000		-0.1910		
	159.0000		-0.1944		
	160.0000		-0.1910		
	161.0000		-0.1910		
	162.0000		-0.1882		
	163.0000		-0.1857		
	164.0000		-0.1868		
	165.0000		-0.1805		
	166.0000		-0.1775		
	167.0000		-0.1785		
	168.0000		-0.1866		
	169.0000		-0.1888		
	170.0000		-0.1914		
	171.0000		-0.1921		
	172.0000		-0.1930		
	173.0000		-0.1979		
	174.0000		-0.1970		
	175.0000		-0.1995		
	176.0000		-0.2004		
	177.0000		-0.2023		
	178.0000		-0.1996		
	179.0000		-0.1985		
	180.0000		-0.2000		
	181.0000		-0.1978		
	182.0000		-0.1930		
	183.0000		-0.1911		
	184.0000		-0.1938		
	185.0000		-0.1931		
	186.0000		-0.1923		
	187.0000		-0.1888		
	188.0000		-0.1902		
	189.0000		-0.1899		
	190.0000		-0.1897		
	191.0000		-0.1892		
	192.0000		-0.1873		
	193.0000		-0.1881		
	194.0000		-0.1862		
	195.0000		-0.1832		
	196.0000		-0.1832		
	197.0000		-0.1856		
	198.0000		-0.1864		
	199.0000		-0.1876		
	200.0000		-0.1916		
	201.0000		-0.1952		
	202.0000		-0.1907		
	203.0000		-0.1887		
	204.0000		-0.1876		
	205.0000		-0.1911		
	206.0000		-0.1917		
	207.0000		-0.1942		
	208.0000		-0.1921		
	209.0000		-0.1902		
	210.0000		-0.1891		
	211.0000		-0.1864		
	212.0000		-0.1853		
	213.0000		-0.1870		
	214.0000		-0.1868		
	215.0000		-0.1876		
	216.0000		-0.1860		
	217.0000		-0.1811		
	218.0000		-0.1841		
	219.0000		-0.1837		
	220.0000		-0.1766		
	221.0000		-0.1769		
	222.0000		-0.1754		
	223.0000		-0.1801		
	224.0000		-0.1827		
	225.0000		-0.1835		
	226.0000		-0.1838		
	227.0000		-0.1855		
	228.0000		-0.1832		
	229.0000		-0.1804		
	230.0000		-0.1834		
	231.0000		-0.1904		
	232.0000		-0.1862		
	233.0000		-0.1899		
	234.0000		-0.1902		
	235.0000		-0.1912		
	236.0000		-0.1942		
	237.0000		-0.1986		
	238.0000		-0.2008		
	239.0000		-0.2002		
	240.0000		-0.1969		
	241.0000		-0.1923		
	242.0000		-0.1895		
	243.0000		-0.1866		
	244.0000		-0.1860		
	245.0000		-0.1928		
	246.0000		-0.1955		
	247.0000		-0.1952		
	248.0000		-0.1938		
	249.0000		-0.1932		
	250.0000		-0.1888		
	251.0000		-0.1901		
	252.0000		-0.1855		
	253.0000		-0.1860		
	254.0000		-0.1871		
	255.0000		-0.1915		
	256.0000		-0.1966		
	257.0000		-0.1957		
	258.0000		-0.1931		
	259.0000		-0.1966		
	260.0000		-0.1935		
	261.0000		-0.1910		
	262.0000		-0.1895		
	263.0000		-0.1868		
	264.0000		-0.1854		
	265.0000		-0.1889		
	266.0000		-0.1909		
	267.0000		-0.1930		
	268.0000		-0.1920		
	269.0000		-0.1900		
	270.0000		-0.1853		
	271.0000		-0.1840		
	272.0000		-0.1884		
	273.0000		-0.1932		
	274.0000		-0.1929		
	275.0000		-0.1921		
	276.0000		-0.1915		
	277.0000		-0.1870		
	278.0000		-0.1880		
	279.0000		-0.1890		
	280.0000		-0.1871		
	281.0000		-0.1825		
	282.0000		-0.1795		
	283.0000		-0.1862		
	284.0000		-0.1952		
	285.0000		-0.1976		
	286.0000		-0.1949		
	287.0000		-0.1937		
	288.0000		-0.1948		
	289.0000		-0.1935		
	290.0000		-0.1925		
	291.0000		-0.1895		
	292.0000		-0.1873		
	293.0000		-0.1876		
	294.0000		-0.1900		
	295.0000		-0.1875		
	296.0000		-0.1869		
	297.0000		-0.1864		
	298.0000		-0.1886		
	299.0000		-0.1918		
	300.0000		-0.1940		
	301.0000		-0.1926		
	302.0000		-0.1882		
	303.0000		-0.1868		
	304.0000		-0.1817		
	305.0000		-0.1796		
	306.0000		-0.1786		
	307.0000		-0.1821		
	308.0000		-0.1801		
	309.0000		-0.1807		
	310.0000		-0.1843		
	311.0000		-0.1849		
	312.0000		-0.1838		
	313.0000		-0.1850		
	314.0000		-0.1858		
	315.0000		-0.1854		
	316.0000		-0.1850		
	317.0000		-0.1855		
	318.0000		-0.1893		
	319.0000		-0.1888		
	320.0000		-0.1876		
	321.0000		-0.1914		
	322.0000		-0.1904		
	323.0000		-0.1918		
	324.0000		-0.1920		
	325.0000		-0.1905		
	326.0000		-0.1899		
	327.0000		-0.1882		
	328.0000		-0.1908		
	329.0000		-0.1954		
	330.0000		-0.1879		
	331.0000		-0.1895		
	332.0000		-0.1940		
	333.0000		-0.1879		
	334.0000		-0.1863		
	335.0000		-0.1823		
	336.0000		-0.1841		
	337.0000		-0.1823		
	338.0000		-0.1868		
	339.0000		-0.1884		
	340.0000		-0.1917		
	341.0000		-0.1881		
	342.0000		-0.1876		
	343.0000		-0.1885		
	344.0000		-0.1897		
	345.0000		-0.1903		
	346.0000		-0.1888		
	347.0000		-0.1904		
	348.0000		-0.1920		
	349.0000		-0.1903		
	350.0000		-0.1962		
	351.0000		-0.1989		
	352.0000		-0.1932		
	353.0000		-0.1905		
	354.0000		-0.1882		
	355.0000		-0.1879		
	356.0000		-0.1863		
	357.0000		-0.1849		
	358.0000		-0.1867		
	359.0000		-0.1910		
	360.0000		-0.1891		
	361.0000		-0.1885		
	362.0000		-0.1872		
	363.0000		-0.1869		
	364.0000		-0.1858		
	365.0000		-0.1895		
	366.0000		-0.1848		
	367.0000		-0.1836		
	368.0000		-0.1811		
	369.0000		-0.1860		
	370.0000		-0.1888		
	371.0000		-0.1876		
	372.0000		-0.1888		
	373.0000		-0.1843		
	374.0000		-0.1838		
	375.0000		-0.1815		
	376.0000		-0.1824		
	377.0000		-0.1817		
	378.0000		-0.1812		
	379.0000		-0.1881		
	380.0000		-0.1921		
	381.0000		-0.1910		
	382.0000		-0.1929		
	383.0000		-0.1929		
	384.0000		-0.1906		
	385.0000		-0.1873		
	386.0000		-0.1858		
	387.0000		-0.1882		
	388.0000		-0.1866		
	389.0000		-0.1887		
	390.0000		-0.1932		
	391.0000		-0.1924		
	392.0000		-0.1903		
	393.0000		-0.1872		
	394.0000		-0.1857		
	395.0000		-0.1882		
	396.0000		-0.1879		
	397.0000		-0.1869		
	398.0000		-0.1926		
	399.0000		-0.1974		
	400.0000		-0.1968		
	401.0000		-0.1985		
	402.0000		-0.1988		
	403.0000		-0.1968		
	404.0000		-0.1956		
	405.0000		-0.1960		
	406.0000		-0.1937		
	407.0000		-0.1896		
	408.0000		-0.1957		
	409.0000		-0.1966		
	410.0000		-0.1988		
	411.0000		-0.1961		
	412.0000		-0.1922		
	413.0000		-0.1952		
	414.0000		-0.2018		
	415.0000		-0.2062		
	416.0000		-0.2048		
	417.0000		-0.2054		
	418.0000		-0.2016		
	419.0000		-0.1976		
	420.0000		-0.1917		
	421.0000		-0.1908		
	422.0000		-0.1937		
	423.0000		-0.1908		
	424.0000		-0.1923		
	425.0000		-0.1933		
	426.0000		-0.1960		
	427.0000		-0.1960		
	428.0000		-0.1970		
	429.0000		-0.1964		
	430.0000		-0.1945		
	431.0000		-0.1917		
	432.0000		-0.1878		
	433.0000		-0.1843		
	434.0000		-0.1810		
	435.0000		-0.1804		
	436.0000		-0.1840		
	437.0000		-0.1859		
	438.0000		-0.1835		
	439.0000		-0.1870		
	440.0000		-0.1935		
	441.0000		-0.1934		
	442.0000		-0.1925		
	443.0000		-0.1946		
	444.0000		-0.1951		
	445.0000		-0.1933		
	446.0000		-0.1918		
	447.0000		-0.1927		
	448.0000		-0.1909		
	449.0000		-0.1944		
	450.0000		-0.1997		
	451.0000		-0.2050		
	452.0000		-0.2025		
	453.0000		-0.2016		
	454.0000		-0.2058		
	455.0000		-0.2041		
	456.0000		-0.2022		
	457.0000		-0.2015		
	458.0000		-0.1971		
	459.0000		-0.1968		
	460.0000		-0.1971		
	461.0000		-0.1976		
	462.0000		-0.1988		
	463.0000		-0.1970		
	464.0000		-0.1971		
	465.0000		-0.1969		
	466.0000		-0.1903		
	467.0000		-0.1855		
	468.0000		-0.1897		
	469.0000		-0.1939		
	470.0000		-0.1931		
	471.0000		-0.1936		
	472.0000		-0.1921		
	473.0000		-0.1925		
	474.0000		-0.1957		
	475.0000		-0.1965		
	476.0000		-0.1960		
	477.0000		-0.1950		
	478.0000		-0.1964		
	479.0000		-0.1949		
	480.0000		-0.1920		
	481.0000		-0.1913		
	482.0000		-0.1927		
	483.0000		-0.1954		
	484.0000		-0.1982		
	485.0000		-0.1960		
	486.0000		-0.1962		
	487.0000		-0.1913		
	488.0000		-0.1893		
	489.0000		-0.1883		
	490.0000		-0.1899		
	491.0000		-0.1926		
	492.0000		-0.1960		
	493.0000		-0.1958		
	494.0000		-0.1935		
	495.0000		-0.1919		
	496.0000		-0.1894		
	497.0000		-0.1877		
	498.0000		-0.1925		
	499.0000		-0.1982		
	500.0000		-0.1999		
	501.0000		-0.2005		
	502.0000		-0.2032		
	503.0000		-0.2008		
	504.0000		-0.1975		
	505.0000		-0.1969		
	506.0000		-0.1976		
	507.0000		-0.1959		
	508.0000		-0.1914		
	509.0000		-0.1891		
	510.0000		-0.1894		
	511.0000		-0.1912		
	512.0000		-0.1868		
	513.0000		-0.1829		
	514.0000		-0.1858		
	515.0000		-0.1882		
	516.0000		-0.1931		
	517.0000		-0.1953		
	518.0000		-0.1935		
	519.0000		-0.1923		
	520.0000		-0.1909		
	521.0000		-0.1876		
	522.0000		-0.1873		
	523.0000		-0.1851		
	524.0000		-0.1859		
	525.0000		-0.1839		
	526.0000		-0.1880		
	527.0000		-0.1941		
	528.0000		-0.1976		
	529.0000		-0.1979		
	530.0000		-0.1994		
	531.0000		-0.1962		
	532.0000		-0.1967		
	533.0000		-0.1968		
	534.0000		-0.1953		
	535.0000		-0.1928		
	536.0000		-0.1935		
	537.0000		-0.1926		
	538.0000		-0.1968		
	539.0000		-0.1995		
	540.0000		-0.1968		
	541.0000		-0.1935		
	542.0000		-0.1916		
	543.0000		-0.1912		
	544.0000		-0.1935		
	545.0000		-0.1954		
	546.0000		-0.1920		
	547.0000		-0.1919		
	548.0000		-0.1912		
	549.0000		-0.1885		
	550.0000		-0.1939		
	551.0000		-0.1926		
	552.0000		-0.1930		
	553.0000		-0.1990		
	554.0000		-0.2034		
	555.0000		-0.1984		
	556.0000		-0.1966		
	557.0000		-0.1960		
	558.0000		-0.1988		
	559.0000		-0.1974		
	560.0000		-0.1948		
	561.0000		-0.1905		
	562.0000		-0.1858		
	563.0000		-0.1845		
	564.0000		-0.1823		
	565.0000		-0.1882		
	566.0000		-0.1910		
	567.0000		-0.1947		
	568.0000		-0.1928		
	569.0000		-0.1892		
	570.0000		-0.1879		
	571.0000		-0.1853		
	572.0000		-0.1869		
	573.0000		-0.1884		
	574.0000		-0.1869		
	575.0000		-0.1890		
	576.0000		-0.1908		
	577.0000		-0.1899		
	578.0000		-0.1985		
	579.0000		-0.1988		
	580.0000		-0.1990		
	581.0000		-0.2003		
	582.0000		-0.1988		
	583.0000		-0.2023		
	584.0000		-0.2000		
	585.0000		-0.1910		
	586.0000		-0.1916		
	587.0000		-0.1914		
	588.0000		-0.1914		
	589.0000		-0.1914		
	590.0000		-0.1943		
	591.0000		-0.1990		
	592.0000		-0.1952		
	593.0000		-0.1902		
	594.0000		-0.1890		
	595.0000		-0.1913		
	596.0000		-0.1944		
	597.0000		-0.1993		
	598.0000		-0.2022		
	599.0000		-0.2058		
	600.0000		-0.2063		
	601.0000		-0.2010		
	602.0000		-0.1977		
	603.0000		-0.1982		
	604.0000		-0.1979		
	605.0000		-0.1976		
	606.0000		-0.2039		
	607.0000		-0.2096		
	608.0000		-0.2065		
	609.0000		-0.2038		
	610.0000		-0.2035		
	611.0000		-0.1966		
	612.0000		-0.1969		
	613.0000		-0.1982		
	614.0000		-0.2008		
	615.0000		-0.2003		
	616.0000		-0.1976		
	617.0000		-0.1963		
	618.0000		-0.1941		
	619.0000		-0.1996		
	620.0000		-0.2066		
	621.0000		-0.2096		
	622.0000		-0.2088		
	623.0000		-0.2076		
	624.0000		-0.2056		
	625.0000		-0.1968		
	626.0000		-0.1921		
	627.0000		-0.1960		
	628.0000		-0.1982		
	629.0000		-0.2017		
	630.0000		-0.2021		
	631.0000		-0.2067		
	632.0000		-0.2105		
	633.0000		-0.2018		
	634.0000		-0.2006		
	635.0000		-0.2070		
	636.0000		-0.2062		
	637.0000		-0.2064		
	638.0000		-0.2053		
	639.0000		-0.2047		
	640.0000		-0.2022		
	641.0000		-0.2028		
	642.0000		-0.2006		
	643.0000		-0.1979		
	644.0000		-0.1928		
	645.0000		-0.1992		
	646.0000		-0.2029		
	647.0000		-0.1981		
	648.0000		-0.1987		
	649.0000		-0.1997		
	650.0000		-0.2019		
	651.0000		-0.2044		
	652.0000		-0.2091		
	653.0000		-0.2094		
	654.0000		-0.2054		
	655.0000		-0.2044		
	656.0000		-0.2038		
	657.0000		-0.2099		
	658.0000		-0.2035		
	659.0000		-0.1985		
	660.0000		-0.2002		
	661.0000		-0.1993		
	662.0000		-0.2029		
	663.0000		-0.2005		
	664.0000		-0.1986		
	665.0000		-0.2014		
	666.0000		-0.1979		
	667.0000		-0.2008		
	668.0000		-0.1991		
	669.0000		-0.1982		
	670.0000		-0.2068		
	671.0000		-0.2082		
	672.0000		-0.2135		
	673.0000		-0.2129		
	674.0000		-0.2131		
	675.0000		-0.2144		
	676.0000		-0.2136		
	677.0000		-0.2106		
	678.0000		-0.2075		
	679.0000		-0.2030		
	680.0000		-0.2036		
	681.0000		-0.2051		
	682.0000		-0.2055		
	683.0000		-0.2073		
	684.0000		-0.2125		
	685.0000		-0.2197		
	686.0000		-0.2174		
	687.0000		-0.2136		
	688.0000		-0.2106		
	689.0000		-0.2092		
	690.0000		-0.2077		
	691.0000		-0.2052		
	692.0000		-0.2032		
	693.0000		-0.2081		
	694.0000		-0.2115		
	695.0000		-0.2107		
	696.0000		-0.2124		
	697.0000		-0.2124		
	698.0000		-0.2105		
	699.0000		-0.2035		
	700.0000		-0.2022		
	701.0000		-0.2010		
	702.0000		-0.2028		
	703.0000		-0.2044		
	704.0000		-0.2059		
	705.0000		-0.2056		
	706.0000		-0.2029		
	707.0000		-0.2035		
	708.0000		-0.2056		
	709.0000		-0.2085		
	710.0000		-0.2098		
	711.0000		-0.2148		
	712.0000		-0.2160		
	713.0000		-0.2177		
	714.0000		-0.2158		
	715.0000		-0.2152		
	716.0000		-0.2120		
	717.0000		-0.2104		
	718.0000		-0.2067		
	719.0000		-0.2108		
	720.0000		-0.2111		
	721.0000		-0.2195		
	722.0000		-0.2203		
	723.0000		-0.2171		
	724.0000		-0.2172		
	725.0000		-0.2200		
	726.0000		-0.2166		
	727.0000		-0.2158		
	728.0000		-0.2137		
	729.0000		-0.2176		
	730.0000		-0.2223		
	731.0000		-0.2222		
	732.0000		-0.2306		
	733.0000		-0.2221		
	734.0000		-0.2176		
	735.0000		-0.2205		
	736.0000		-0.2183		
	737.0000		-0.2196		
	738.0000		-0.2208		
	739.0000		-0.2222		
	740.0000		-0.2199		
	741.0000		-0.2227		
	742.0000		-0.2229		
	743.0000		-0.2249		
	744.0000		-0.2225		
	745.0000		-0.2264		
	746.0000		-0.2234		
	747.0000		-0.2225		
	748.0000		-0.2203		
	749.0000		-0.2144		
	750.0000		-0.2137		
	751.0000		-0.2129		
	752.0000		-0.2114		
	753.0000		-0.2124		
	754.0000		-0.2189		
	755.0000		-0.2224		
	756.0000		-0.2224		
	757.0000		-0.2237		
	758.0000		-0.2234		
	759.0000		-0.2223		
	760.0000		-0.2247		
	761.0000		-0.2228		
	762.0000		-0.2150		
	763.0000		-0.2153		
	764.0000		-0.2166		
	765.0000		-0.2182		
	766.0000		-0.2203		
	767.0000		-0.2199		
	768.0000		-0.2209		
	769.0000		-0.2248		
	770.0000		-0.2298		
	771.0000		-0.2279		
	772.0000		-0.2273		
	773.0000		-0.2262		
	774.0000		-0.2258		
	775.0000		-0.2244		
	776.0000		-0.2239		
	777.0000		-0.2349		
	778.0000		-0.2313		
	779.0000		-0.2282		
	780.0000		-0.2307		
	781.0000		-0.2324		
	782.0000		-0.2302		
	783.0000		-0.2310		
	784.0000		-0.2329		
	785.0000		-0.2311		
	786.0000		-0.2277		
	787.0000		-0.2273		
	788.0000		-0.2220		
	789.0000		-0.2208		
	790.0000		-0.2194		
	791.0000		-0.2175		
	792.0000		-0.2188		
	793.0000		-0.2189		
	794.0000		-0.2260		
	795.0000		-0.2220		
	796.0000		-0.2204		
	797.0000		-0.2165		
	798.0000		-0.2165		
	799.0000		-0.2221		
	800.0000		-0.2252		
	801.0000		-0.2292		
	802.0000		-0.2306		
	803.0000		-0.2284		
	804.0000		-0.2275		
	805.0000		-0.2330		
	806.0000		-0.2326		
	807.0000		-0.2331		
	808.0000		-0.2265		
	809.0000		-0.2273		
	810.0000		-0.2264		
	811.0000		-0.2237		
	812.0000		-0.2276		
	813.0000		-0.2248		
	814.0000		-0.2253		
	815.0000		-0.2201		
	816.0000		-0.2212		
	817.0000		-0.2250		
	818.0000		-0.2212		
	819.0000		-0.2168		
	820.0000		-0.2186		
	821.0000		-0.2212		
	822.0000		-0.2229		
	823.0000		-0.2246		
	824.0000		-0.2246		
	825.0000		-0.2338		
	826.0000		-0.2326		
	827.0000		-0.2275		
	828.0000		-0.2305		
	829.0000		-0.2352		
	830.0000		-0.2356		
	831.0000		-0.2329		
	832.0000		-0.2329		
	833.0000		-0.2308		
	834.0000		-0.2275		
	835.0000		-0.2350		
	836.0000		-0.2331		
	837.0000		-0.2306		
	838.0000		-0.2288		
	839.0000		-0.2322		
	840.0000		-0.2363		
	841.0000		-0.2412		
	842.0000		-0.2360		
	843.0000		-0.2339		
	844.0000		-0.2321		
	845.0000		-0.2323		
	846.0000		-0.2410		
	847.0000		-0.2417		
	848.0000		-0.2404		
	849.0000		-0.2389		
	850.0000		-0.2369		
	851.0000		-0.2343		
	852.0000		-0.2297		
	853.0000		-0.2249		
	854.0000		-0.2214		
	855.0000		-0.2216		
	856.0000		-0.2240		
	857.0000		-0.2282		
	858.0000		-0.2284		
	859.0000		-0.2312		
	860.0000		-0.2346		
	861.0000		-0.2350		
	862.0000		-0.2375		
	863.0000		-0.2388		
	864.0000		-0.2352		
	865.0000		-0.2352		
	866.0000		-0.2346		
	867.0000		-0.2380		
	868.0000		-0.2400		
	869.0000		-0.2338		
	870.0000		-0.2279		
	871.0000		-0.2315		
	872.0000		-0.2320		
	873.0000		-0.2333		
	874.0000		-0.2367		
	875.0000		-0.2367		
	876.0000		-0.2323		
	877.0000		-0.2308		
	878.0000		-0.2309		
	879.0000		-0.2306		
	880.0000		-0.2314		
	881.0000		-0.2260		
	882.0000		-0.2295		
	883.0000		-0.2346		
	884.0000		-0.2336		
	885.0000		-0.2350		
	886.0000		-0.2324		
	887.0000		-0.2357		
	888.0000		-0.2332		
	889.0000		-0.2358		
	890.0000		-0.2364		
	891.0000		-0.2343		
	892.0000		-0.2358		
	893.0000		-0.2396		
	894.0000		-0.2433		
	895.0000		-0.2413		
	896.0000		-0.2472		
	897.0000		-0.2443		
	898.0000		-0.2381		
	899.0000		-0.2343		
END
