IGOR
X| Sun Jul 02 15:33:51 2017
X|   0.000000000000 0 X|
X|   0.000000000000 0 X|
X|   0.000000000000 0 X|
X|   0.000000000000 0 X|
X| data_type 	 num_points 	 num_chans 	 shots_per_read 	 reads_per_point 	 num_sweeps
X|      0   			  900   		     1    		   30  		    10     			   1
WAVES	  XDATA  Z1DATA	 
BEGIN
	0.0000		-0.1553		
	1.0000		-0.1504		
	2.0000		-0.1464		
	3.0000		-0.1450		
	4.0000		-0.1435		
	5.0000		-0.1420		
	6.0000		-0.1402		
	7.0000		-0.1400		
	8.0000		-0.1396		
	9.0000		-0.1368		
	10.0000		-0.1376		
	11.0000		-0.1395		
	12.0000		-0.1147		
	13.0000		-0.1105		
	14.0000		-0.1188		
	15.0000		-0.1218		
	16.0000		-0.1247		
	17.0000		-0.1260		
	18.0000		-0.1282		
	19.0000		-0.1300		
	20.0000		-0.1314		
	21.0000		-0.1320		
	22.0000		-0.1320		
	23.0000		-0.1329		
	24.0000		-0.1350		
	25.0000		-0.1362		
	26.0000		-0.1360		
	27.0000		-0.1394		
	28.0000		-0.1404		
	29.0000		-0.1420		
	30.0000		-0.1406		
	31.0000		-0.1412		
	32.0000		-0.1420		
	33.0000		-0.1420		
	34.0000		-0.1408		
	35.0000		-0.1394		
	36.0000		-0.1406		
	37.0000		-0.1400		
	38.0000		-0.1418		
	39.0000		-0.1438		
	40.0000		-0.1435		
	41.0000		-0.1435		
	42.0000		-0.1423		
	43.0000		-0.1441		
	44.0000		-0.1450		
	45.0000		-0.1447		
	46.0000		-0.1452		
	47.0000		-0.1420		
	48.0000		-0.1404		
	49.0000		-0.1408		
	50.0000		-0.1420		
	51.0000		-0.1420		
	52.0000		-0.1444		
	53.0000		-0.1452		
	54.0000		-0.1445		
	55.0000		-0.1450		
	56.0000		-0.1450		
	57.0000		-0.1447		
	58.0000		-0.1420		
	59.0000		-0.1420		
	60.0000		-0.1420		
	61.0000		-0.1441		
	62.0000		-0.1450		
	63.0000		-0.1462		
	64.0000		-0.1462		
	65.0000		-0.1452		
	66.0000		-0.1444		
	67.0000		-0.1420		
	68.0000		-0.1416		
	69.0000		-0.1418		
	70.0000		-0.1408		
	71.0000		-0.1404		
	72.0000		-0.1412		
	73.0000		-0.1420		
	74.0000		-0.1432		
	75.0000		-0.1454		
	76.0000		-0.1450		
	77.0000		-0.1450		
	78.0000		-0.1450		
	79.0000		-0.1468		
	80.0000		-0.1462		
	81.0000		-0.1450		
	82.0000		-0.1441		
	83.0000		-0.1420		
	84.0000		-0.1444		
	85.0000		-0.1460		
	86.0000		-0.1452		
	87.0000		-0.1444		
	88.0000		-0.1432		
	89.0000		-0.1432		
	90.0000		-0.1435		
	91.0000		-0.1435		
	92.0000		-0.1450		
	93.0000		-0.1450		
	94.0000		-0.1450		
	95.0000		-0.1423		
	96.0000		-0.1426		
	97.0000		-0.1441		
	98.0000		-0.1435		
	99.0000		-0.1444		
	100.0000		-0.1429		
	101.0000		-0.1429		
	102.0000		-0.1406		
	103.0000		-0.1416		
	104.0000		-0.1400		
	105.0000		-0.1418		
	106.0000		-0.1418		
	107.0000		-0.1416		
	108.0000		-0.1420		
	109.0000		-0.1420		
	110.0000		-0.1420		
	111.0000		-0.1420		
	112.0000		-0.1416		
	113.0000		-0.1410		
	114.0000		-0.1418		
	115.0000		-0.1420		
	116.0000		-0.1420		
	117.0000		-0.1420		
	118.0000		-0.1406		
	119.0000		-0.1418		
	120.0000		-0.1423		
	121.0000		-0.1444		
	122.0000		-0.1450		
	123.0000		-0.1450		
	124.0000		-0.1441		
	125.0000		-0.1441		
	126.0000		-0.1450		
	127.0000		-0.1450		
	128.0000		-0.1450		
	129.0000		-0.1447		
	130.0000		-0.1450		
	131.0000		-0.1456		
	132.0000		-0.1447		
	133.0000		-0.1432		
	134.0000		-0.1423		
	135.0000		-0.1420		
	136.0000		-0.1420		
	137.0000		-0.1420		
	138.0000		-0.1416		
	139.0000		-0.1423		
	140.0000		-0.1435		
	141.0000		-0.1423		
	142.0000		-0.1420		
	143.0000		-0.1418		
	144.0000		-0.1420		
	145.0000		-0.1418		
	146.0000		-0.1397		
	147.0000		-0.1400		
	148.0000		-0.1400		
	149.0000		-0.1416		
	150.0000		-0.1420		
	151.0000		-0.1420		
	152.0000		-0.1420		
	153.0000		-0.1420		
	154.0000		-0.1450		
	155.0000		-0.1435		
	156.0000		-0.1435		
	157.0000		-0.1450		
	158.0000		-0.1450		
	159.0000		-0.1454		
	160.0000		-0.1452		
	161.0000		-0.1435		
	162.0000		-0.1441		
	163.0000		-0.1447		
	164.0000		-0.1450		
	165.0000		-0.1447		
	166.0000		-0.1447		
	167.0000		-0.1441		
	168.0000		-0.1429		
	169.0000		-0.1404		
	170.0000		-0.1400		
	171.0000		-0.1400		
	172.0000		-0.1385		
	173.0000		-0.1400		
	174.0000		-0.1406		
	175.0000		-0.1412		
	176.0000		-0.1420		
	177.0000		-0.1426		
	178.0000		-0.1420		
	179.0000		-0.1418		
	180.0000		-0.1400		
	181.0000		-0.1382		
	182.0000		-0.1360		
	183.0000		-0.1350		
	184.0000		-0.1350		
	185.0000		-0.1329		
	186.0000		-0.1344		
	187.0000		-0.1358		
	188.0000		-0.1368		
	189.0000		-0.1366		
	190.0000		-0.1350		
	191.0000		-0.1350		
	192.0000		-0.1350		
	193.0000		-0.1362		
	194.0000		-0.1370		
	195.0000		-0.1370		
	196.0000		-0.1394		
	197.0000		-0.1379		
	198.0000		-0.1370		
	199.0000		-0.1366		
	200.0000		-0.1364		
	201.0000		-0.1370		
	202.0000		-0.1373		
	203.0000		-0.1370		
	204.0000		-0.1370		
	205.0000		-0.1370		
	206.0000		-0.1368		
	207.0000		-0.1366		
	208.0000		-0.1370		
	209.0000		-0.1350		
	210.0000		-0.1356		
	211.0000		-0.1366		
	212.0000		-0.1195		
	213.0000		-0.0992		
	214.0000		-0.1075		
	215.0000		-0.1157		
	216.0000		-0.1208		
	217.0000		-0.1270		
	218.0000		-0.1319		
	219.0000		-0.1360		
	220.0000		-0.1388		
	221.0000		-0.1420		
	222.0000		-0.1420		
	223.0000		-0.1420		
	224.0000		-0.1418		
	225.0000		-0.1400		
	226.0000		-0.1394		
	227.0000		-0.1370		
	228.0000		-0.1366		
	229.0000		-0.1358		
	230.0000		-0.1352		
	231.0000		-0.1350		
	232.0000		-0.1329		
	233.0000		-0.1323		
	234.0000		-0.1338		
	235.0000		-0.1350		
	236.0000		-0.1351		
	237.0000		-0.1362		
	238.0000		-0.1366		
	239.0000		-0.1370		
	240.0000		-0.1370		
	241.0000		-0.1370		
	242.0000		-0.1370		
	243.0000		-0.1360		
	244.0000		-0.1350		
	245.0000		-0.1326		
	246.0000		-0.1320		
	247.0000		-0.1310		
	248.0000		-0.1323		
	249.0000		-0.1320		
	250.0000		-0.1326		
	251.0000		-0.1347		
	252.0000		-0.1350		
	253.0000		-0.1323		
	254.0000		-0.1320		
	255.0000		-0.1312		
	256.0000		-0.1294		
	257.0000		-0.1291		
	258.0000		-0.1312		
	259.0000		-0.1320		
	260.0000		-0.1302		
	261.0000		-0.1310		
	262.0000		-0.1316		
	263.0000		-0.1320		
	264.0000		-0.1323		
	265.0000		-0.1320		
	266.0000		-0.1320		
	267.0000		-0.1299		
	268.0000		-0.1291		
	269.0000		-0.1270		
	270.0000		-0.1271		
	271.0000		-0.1282		
	272.0000		-0.1273		
	273.0000		-0.1273		
	274.0000		-0.1302		
	275.0000		-0.1323		
	276.0000		-0.1329		
	277.0000		-0.1320		
	278.0000		-0.1320		
	279.0000		-0.1332		
	280.0000		-0.1341		
	281.0000		-0.1360		
	282.0000		-0.1352		
	283.0000		-0.1350		
	284.0000		-0.1350		
	285.0000		-0.1347		
	286.0000		-0.1351		
	287.0000		-0.1373		
	288.0000		-0.1370		
	289.0000		-0.1376		
	290.0000		-0.1373		
	291.0000		-0.1364		
	292.0000		-0.1374		
	293.0000		-0.1400		
	294.0000		-0.1391		
	295.0000		-0.1400		
	296.0000		-0.1400		
	297.0000		-0.1394		
	298.0000		-0.1397		
	299.0000		-0.1394		
	300.0000		-0.1373		
	301.0000		-0.1370		
	302.0000		-0.1364		
	303.0000		-0.1370		
	304.0000		-0.1400		
	305.0000		-0.1397		
	306.0000		-0.1391		
	307.0000		-0.1394		
	308.0000		-0.1394		
	309.0000		-0.1400		
	310.0000		-0.1400		
	311.0000		-0.1399		
	312.0000		-0.1420		
	313.0000		-0.1420		
	314.0000		-0.1420		
	315.0000		-0.1414		
	316.0000		-0.1420		
	317.0000		-0.1426		
	318.0000		-0.1435		
	319.0000		-0.1432		
	320.0000		-0.1420		
	321.0000		-0.1412		
	322.0000		-0.1400		
	323.0000		-0.1370		
	324.0000		-0.1400		
	325.0000		-0.1418		
	326.0000		-0.1416		
	327.0000		-0.1420		
	328.0000		-0.1432		
	329.0000		-0.1426		
	330.0000		-0.1418		
	331.0000		-0.1400		
	332.0000		-0.1400		
	333.0000		-0.1385		
	334.0000		-0.1373		
	335.0000		-0.1370		
	336.0000		-0.1354		
	337.0000		-0.1338		
	338.0000		-0.1320		
	339.0000		-0.1320		
	340.0000		-0.1320		
	341.0000		-0.1344		
	342.0000		-0.1360		
	343.0000		-0.1370		
	344.0000		-0.1376		
	345.0000		-0.1370		
	346.0000		-0.1379		
	347.0000		-0.1382		
	348.0000		-0.1391		
	349.0000		-0.1370		
	350.0000		-0.1385		
	351.0000		-0.1402		
	352.0000		-0.1402		
	353.0000		-0.1402		
	354.0000		-0.1400		
	355.0000		-0.1379		
	356.0000		-0.1364		
	357.0000		-0.1347		
	358.0000		-0.1350		
	359.0000		-0.1350		
	360.0000		-0.1350		
	361.0000		-0.1347		
	362.0000		-0.1350		
	363.0000		-0.1341		
	364.0000		-0.1320		
	365.0000		-0.1320		
	366.0000		-0.1320		
	367.0000		-0.1323		
	368.0000		-0.1362		
	369.0000		-0.1374		
	370.0000		-0.1400		
	371.0000		-0.1388		
	372.0000		-0.1373		
	373.0000		-0.1376		
	374.0000		-0.1376		
	375.0000		-0.1397		
	376.0000		-0.1408		
	377.0000		-0.1400		
	378.0000		-0.1400		
	379.0000		-0.1400		
	380.0000		-0.1400		
	381.0000		-0.1412		
	382.0000		-0.1403		
	383.0000		-0.1400		
	384.0000		-0.1400		
	385.0000		-0.1376		
	386.0000		-0.1370		
	387.0000		-0.1370		
	388.0000		-0.1370		
	389.0000		-0.1370		
	390.0000		-0.1370		
	391.0000		-0.1370		
	392.0000		-0.1379		
	393.0000		-0.1370		
	394.0000		-0.1370		
	395.0000		-0.1370		
	396.0000		-0.1360		
	397.0000		-0.1352		
	398.0000		-0.1347		
	399.0000		-0.1347		
	400.0000		-0.1366		
	401.0000		-0.1370		
	402.0000		-0.1370		
	403.0000		-0.1364		
	404.0000		-0.1370		
	405.0000		-0.1373		
	406.0000		-0.1397		
	407.0000		-0.1400		
	408.0000		-0.1385		
	409.0000		-0.1368		
	410.0000		-0.1382		
	411.0000		-0.1382		
	412.0000		-0.1370		
	413.0000		-0.1368		
	414.0000		-0.1368		
	415.0000		-0.1368		
	416.0000		-0.1356		
	417.0000		-0.1341		
	418.0000		-0.1347		
	419.0000		-0.1350		
	420.0000		-0.1350		
	421.0000		-0.1352		
	422.0000		-0.1370		
	423.0000		-0.1368		
	424.0000		-0.1362		
	425.0000		-0.1354		
	426.0000		-0.1364		
	427.0000		-0.1362		
	428.0000		-0.1350		
	429.0000		-0.1364		
	430.0000		-0.1362		
	431.0000		-0.1352		
	432.0000		-0.1347		
	433.0000		-0.1356		
	434.0000		-0.1370		
	435.0000		-0.1366		
	436.0000		-0.1370		
	437.0000		-0.1354		
	438.0000		-0.1364		
	439.0000		-0.1370		
	440.0000		-0.1370		
	441.0000		-0.1369		
	442.0000		-0.1366		
	443.0000		-0.1364		
	444.0000		-0.1368		
	445.0000		-0.1350		
	446.0000		-0.1366		
	447.0000		-0.1350		
	448.0000		-0.1352		
	449.0000		-0.1356		
	450.0000		-0.1370		
	451.0000		-0.1370		
	452.0000		-0.1370		
	453.0000		-0.1373		
	454.0000		-0.1376		
	455.0000		-0.1400		
	456.0000		-0.1400		
	457.0000		-0.1406		
	458.0000		-0.1400		
	459.0000		-0.1400		
	460.0000		-0.1388		
	461.0000		-0.1394		
	462.0000		-0.1397		
	463.0000		-0.1370		
	464.0000		-0.1370		
	465.0000		-0.1370		
	466.0000		-0.1366		
	467.0000		-0.1350		
	468.0000		-0.1350		
	469.0000		-0.1356		
	470.0000		-0.1338		
	471.0000		-0.1350		
	472.0000		-0.1350		
	473.0000		-0.1350		
	474.0000		-0.1344		
	475.0000		-0.1320		
	476.0000		-0.1329		
	477.0000		-0.1344		
	478.0000		-0.1350		
	479.0000		-0.1350		
	480.0000		-0.1347		
	481.0000		-0.1341		
	482.0000		-0.1329		
	483.0000		-0.1350		
	484.0000		-0.1347		
	485.0000		-0.1350		
	486.0000		-0.1350		
	487.0000		-0.1368		
	488.0000		-0.1368		
	489.0000		-0.1370		
	490.0000		-0.1358		
	491.0000		-0.1368		
	492.0000		-0.1368		
	493.0000		-0.1370		
	494.0000		-0.1373		
	495.0000		-0.1373		
	496.0000		-0.1373		
	497.0000		-0.1391		
	498.0000		-0.1400		
	499.0000		-0.1400		
	500.0000		-0.1391		
	501.0000		-0.1376		
	502.0000		-0.1400		
	503.0000		-0.1400		
	504.0000		-0.1412		
	505.0000		-0.1379		
	506.0000		-0.1370		
	507.0000		-0.1370		
	508.0000		-0.1370		
	509.0000		-0.1370		
	510.0000		-0.1385		
	511.0000		-0.1400		
	512.0000		-0.1400		
	513.0000		-0.1397		
	514.0000		-0.1391		
	515.0000		-0.1360		
	516.0000		-0.1366		
	517.0000		-0.1364		
	518.0000		-0.1368		
	519.0000		-0.1366		
	520.0000		-0.1356		
	521.0000		-0.1352		
	522.0000		-0.1358		
	523.0000		-0.1350		
	524.0000		-0.1358		
	525.0000		-0.1352		
	526.0000		-0.1352		
	527.0000		-0.1352		
	528.0000		-0.1352		
	529.0000		-0.1350		
	530.0000		-0.1352		
	531.0000		-0.1366		
	532.0000		-0.1397		
	533.0000		-0.1400		
	534.0000		-0.1400		
	535.0000		-0.1382		
	536.0000		-0.1370		
	537.0000		-0.1376		
	538.0000		-0.1400		
	539.0000		-0.1394		
	540.0000		-0.1400		
	541.0000		-0.1418		
	542.0000		-0.1429		
	543.0000		-0.1423		
	544.0000		-0.1420		
	545.0000		-0.1420		
	546.0000		-0.1416		
	547.0000		-0.1406		
	548.0000		-0.1406		
	549.0000		-0.1400		
	550.0000		-0.1388		
	551.0000		-0.1368		
	552.0000		-0.1358		
	553.0000		-0.1370		
	554.0000		-0.1388		
	555.0000		-0.1402		
	556.0000		-0.1402		
	557.0000		-0.1400		
	558.0000		-0.1388		
	559.0000		-0.1394		
	560.0000		-0.1368		
	561.0000		-0.1364		
	562.0000		-0.1347		
	563.0000		-0.1347		
	564.0000		-0.1362		
	565.0000		-0.1379		
	566.0000		-0.1370		
	567.0000		-0.1370		
	568.0000		-0.1385		
	569.0000		-0.1376		
	570.0000		-0.1373		
	571.0000		-0.1370		
	572.0000		-0.1373		
	573.0000		-0.1382		
	574.0000		-0.1399		
	575.0000		-0.1410		
	576.0000		-0.1408		
	577.0000		-0.1418		
	578.0000		-0.1402		
	579.0000		-0.1394		
	580.0000		-0.1391		
	581.0000		-0.1391		
	582.0000		-0.1400		
	583.0000		-0.1373		
	584.0000		-0.1373		
	585.0000		-0.1379		
	586.0000		-0.1370		
	587.0000		-0.1370		
	588.0000		-0.1362		
	589.0000		-0.1368		
	590.0000		-0.1362		
	591.0000		-0.1360		
	592.0000		-0.1356		
	593.0000		-0.1354		
	594.0000		-0.1350		
	595.0000		-0.1352		
	596.0000		-0.1352		
	597.0000		-0.1370		
	598.0000		-0.1370		
	599.0000		-0.1370		
	600.0000		-0.1366		
	601.0000		-0.1350		
	602.0000		-0.1350		
	603.0000		-0.1335		
	604.0000		-0.1320		
	605.0000		-0.1323		
	606.0000		-0.1320		
	607.0000		-0.1320		
	608.0000		-0.1320		
	609.0000		-0.1323		
	610.0000		-0.1326		
	611.0000		-0.1350		
	612.0000		-0.1350		
	613.0000		-0.1350		
	614.0000		-0.1358		
	615.0000		-0.1356		
	616.0000		-0.1370		
	617.0000		-0.1349		
	618.0000		-0.1350		
	619.0000		-0.1347		
	620.0000		-0.1350		
	621.0000		-0.1350		
	622.0000		-0.1356		
	623.0000		-0.1356		
	624.0000		-0.1364		
	625.0000		-0.1354		
	626.0000		-0.1350		
	627.0000		-0.1350		
	628.0000		-0.1354		
	629.0000		-0.1368		
	630.0000		-0.1368		
	631.0000		-0.1368		
	632.0000		-0.1368		
	633.0000		-0.1370		
	634.0000		-0.1350		
	635.0000		-0.1370		
	636.0000		-0.1370		
	637.0000		-0.1370		
	638.0000		-0.1370		
	639.0000		-0.1370		
	640.0000		-0.1370		
	641.0000		-0.1370		
	642.0000		-0.1391		
	643.0000		-0.1376		
	644.0000		-0.1370		
	645.0000		-0.1368		
	646.0000		-0.1379		
	647.0000		-0.1408		
	648.0000		-0.1412		
	649.0000		-0.1410		
	650.0000		-0.1370		
	651.0000		-0.1379		
	652.0000		-0.1385		
	653.0000		-0.1368		
	654.0000		-0.1354		
	655.0000		-0.1360		
	656.0000		-0.1366		
	657.0000		-0.1370		
	658.0000		-0.1370		
	659.0000		-0.1388		
	660.0000		-0.1400		
	661.0000		-0.1414		
	662.0000		-0.1414		
	663.0000		-0.1414		
	664.0000		-0.1402		
	665.0000		-0.1397		
	666.0000		-0.1402		
	667.0000		-0.1402		
	668.0000		-0.1412		
	669.0000		-0.1412		
	670.0000		-0.1410		
	671.0000		-0.1420		
	672.0000		-0.1420		
	673.0000		-0.1418		
	674.0000		-0.1420		
	675.0000		-0.1420		
	676.0000		-0.1402		
	677.0000		-0.1400		
	678.0000		-0.1394		
	679.0000		-0.1410		
	680.0000		-0.1418		
	681.0000		-0.1412		
	682.0000		-0.1420		
	683.0000		-0.1420		
	684.0000		-0.1438		
	685.0000		-0.1450		
	686.0000		-0.1423		
	687.0000		-0.1420		
	688.0000		-0.1423		
	689.0000		-0.1416		
	690.0000		-0.1402		
	691.0000		-0.1400		
	692.0000		-0.1400		
	693.0000		-0.1382		
	694.0000		-0.1385		
	695.0000		-0.1370		
	696.0000		-0.1391		
	697.0000		-0.1408		
	698.0000		-0.1420		
	699.0000		-0.1420		
	700.0000		-0.1414		
	701.0000		-0.1414		
	702.0000		-0.1420		
	703.0000		-0.1420		
	704.0000		-0.1420		
	705.0000		-0.1412		
	706.0000		-0.1416		
	707.0000		-0.1420		
	708.0000		-0.1416		
	709.0000		-0.1418		
	710.0000		-0.1420		
	711.0000		-0.1406		
	712.0000		-0.1400		
	713.0000		-0.1385		
	714.0000		-0.1373		
	715.0000		-0.1370		
	716.0000		-0.1397		
	717.0000		-0.1402		
	718.0000		-0.1420		
	719.0000		-0.1420		
	720.0000		-0.1418		
	721.0000		-0.1420		
	722.0000		-0.1412		
	723.0000		-0.1420		
	724.0000		-0.1410		
	725.0000		-0.1400		
	726.0000		-0.1400		
	727.0000		-0.1400		
	728.0000		-0.1402		
	729.0000		-0.1404		
	730.0000		-0.1404		
	731.0000		-0.1418		
	732.0000		-0.1416		
	733.0000		-0.1420		
	734.0000		-0.1416		
	735.0000		-0.1423		
	736.0000		-0.1450		
	737.0000		-0.1452		
	738.0000		-0.1456		
	739.0000		-0.1426		
	740.0000		-0.1420		
	741.0000		-0.1402		
	742.0000		-0.1418		
	743.0000		-0.1420		
	744.0000		-0.1420		
	745.0000		-0.1438		
	746.0000		-0.1447		
	747.0000		-0.1450		
	748.0000		-0.1460		
	749.0000		-0.1452		
	750.0000		-0.1452		
	751.0000		-0.1435		
	752.0000		-0.1447		
	753.0000		-0.1452		
	754.0000		-0.1450		
	755.0000		-0.1426		
	756.0000		-0.1429		
	757.0000		-0.1447		
	758.0000		-0.1447		
	759.0000		-0.1447		
	760.0000		-0.1450		
	761.0000		-0.1429		
	762.0000		-0.1450		
	763.0000		-0.1464		
	764.0000		-0.1470		
	765.0000		-0.1468		
	766.0000		-0.1466		
	767.0000		-0.1454		
	768.0000		-0.1450		
	769.0000		-0.1432		
	770.0000		-0.1420		
	771.0000		-0.1420		
	772.0000		-0.1420		
	773.0000		-0.1420		
	774.0000		-0.1420		
	775.0000		-0.1420		
	776.0000		-0.1420		
	777.0000		-0.1420		
	778.0000		-0.1406		
	779.0000		-0.1406		
	780.0000		-0.1418		
	781.0000		-0.1420		
	782.0000		-0.1420		
	783.0000		-0.1420		
	784.0000		-0.1420		
	785.0000		-0.1435		
	786.0000		-0.1426		
	787.0000		-0.1420		
	788.0000		-0.1432		
	789.0000		-0.1435		
	790.0000		-0.1429		
	791.0000		-0.1429		
	792.0000		-0.1410		
	793.0000		-0.1400		
	794.0000		-0.1416		
	795.0000		-0.1420		
	796.0000		-0.1410		
	797.0000		-0.1394		
	798.0000		-0.1376		
	799.0000		-0.1373		
	800.0000		-0.1400		
	801.0000		-0.1400		
	802.0000		-0.1382		
	803.0000		-0.1397		
	804.0000		-0.1410		
	805.0000		-0.1400		
	806.0000		-0.1408		
	807.0000		-0.1420		
	808.0000		-0.1420		
	809.0000		-0.1410		
	810.0000		-0.1400		
	811.0000		-0.1400		
	812.0000		-0.1400		
	813.0000		-0.1397		
	814.0000		-0.1379		
	815.0000		-0.1404		
	816.0000		-0.1402		
	817.0000		-0.1400		
	818.0000		-0.1418		
	819.0000		-0.1414		
	820.0000		-0.1420		
	821.0000		-0.1435		
	822.0000		-0.1404		
	823.0000		-0.1400		
	824.0000		-0.1408		
	825.0000		-0.1408		
	826.0000		-0.1385		
	827.0000		-0.1362		
	828.0000		-0.1352		
	829.0000		-0.1366		
	830.0000		-0.1356		
	831.0000		-0.1356		
	832.0000		-0.1358		
	833.0000		-0.1370		
	834.0000		-0.1370		
	835.0000		-0.1370		
	836.0000		-0.1370		
	837.0000		-0.1388		
	838.0000		-0.1400		
	839.0000		-0.1394		
	840.0000		-0.1391		
	841.0000		-0.1370		
	842.0000		-0.1352		
	843.0000		-0.1344		
	844.0000		-0.1338		
	845.0000		-0.1354		
	846.0000		-0.1362		
	847.0000		-0.1350		
	848.0000		-0.1350		
	849.0000		-0.1335		
	850.0000		-0.1320		
	851.0000		-0.1320		
	852.0000		-0.1320		
	853.0000		-0.1323		
	854.0000		-0.1320		
	855.0000		-0.1308		
	856.0000		-0.1304		
	857.0000		-0.1306		
	858.0000		-0.1318		
	859.0000		-0.1302		
	860.0000		-0.1314		
	861.0000		-0.1320		
	862.0000		-0.1324		
	863.0000		-0.1358		
	864.0000		-0.1370		
	865.0000		-0.1370		
	866.0000		-0.1370		
	867.0000		-0.1368		
	868.0000		-0.1356		
	869.0000		-0.1338		
	870.0000		-0.1326		
	871.0000		-0.1341		
	872.0000		-0.1350		
	873.0000		-0.1350		
	874.0000		-0.1371		
	875.0000		-0.1370		
	876.0000		-0.1376		
	877.0000		-0.1394		
	878.0000		-0.1397		
	879.0000		-0.1371		
	880.0000		-0.1366		
	881.0000		-0.1352		
	882.0000		-0.1374		
	883.0000		-0.1400		
	884.0000		-0.1391		
	885.0000		-0.1370		
	886.0000		-0.1391		
	887.0000		-0.1373		
	888.0000		-0.1366		
	889.0000		-0.1352		
	890.0000		-0.1344		
	891.0000		-0.1352		
	892.0000		-0.1352		
	893.0000		-0.1373		
	894.0000		-0.1370		
	895.0000		-0.1360		
	896.0000		-0.1370		
	897.0000		-0.1379		
	898.0000		-0.1372		
	899.0000		-0.1364		
END
