IGOR
X| Sun Jul 02 16:24:55 2017
X|   0.000000000000 0 X|
X|   0.000000000000 0 X|
X|   0.000000000000 0 X|
X|   0.000000000000 0 X|
X| data_type 	 num_points 	 num_chans 	 shots_per_read 	 reads_per_point 	 num_sweeps
X|      0   			  900   		     1    		   30  		    10     			   1
WAVES	  XDATA  Z1DATA	 
BEGIN
	0.0000		-0.1932		
	1.0000		-0.1892		
	2.0000		-0.1858		
	3.0000		-0.1829		
	4.0000		-0.1793		
	5.0000		-0.1770		
	6.0000		-0.1770		
	7.0000		-0.1779		
	8.0000		-0.1800		
	9.0000		-0.1794		
	10.0000		-0.1797		
	11.0000		-0.1776		
	12.0000		-0.1764		
	13.0000		-0.1636		
	14.0000		-0.1383		
	15.0000		-0.1476		
	16.0000		-0.1525		
	17.0000		-0.1583		
	18.0000		-0.1619		
	19.0000		-0.1673		
	20.0000		-0.1712		
	21.0000		-0.1753		
	22.0000		-0.1779		
	23.0000		-0.1800		
	24.0000		-0.1802		
	25.0000		-0.1800		
	26.0000		-0.1802		
	27.0000		-0.1801		
	28.0000		-0.1802		
	29.0000		-0.1791		
	30.0000		-0.1794		
	31.0000		-0.1794		
	32.0000		-0.1816		
	33.0000		-0.1820		
	34.0000		-0.1820		
	35.0000		-0.1812		
	36.0000		-0.1810		
	37.0000		-0.1812		
	38.0000		-0.1810		
	39.0000		-0.1820		
	40.0000		-0.1816		
	41.0000		-0.1820		
	42.0000		-0.1791		
	43.0000		-0.1782		
	44.0000		-0.1762		
	45.0000		-0.1756		
	46.0000		-0.1770		
	47.0000		-0.1760		
	48.0000		-0.1752		
	49.0000		-0.1754		
	50.0000		-0.1762		
	51.0000		-0.1758		
	52.0000		-0.1770		
	53.0000		-0.1773		
	54.0000		-0.1768		
	55.0000		-0.1781		
	56.0000		-0.1814		
	57.0000		-0.1826		
	58.0000		-0.1818		
	59.0000		-0.1804		
	60.0000		-0.1816		
	61.0000		-0.1820		
	62.0000		-0.1844		
	63.0000		-0.1852		
	64.0000		-0.1850		
	65.0000		-0.1850		
	66.0000		-0.1847		
	67.0000		-0.1832		
	68.0000		-0.1820		
	69.0000		-0.1820		
	70.0000		-0.1820		
	71.0000		-0.1818		
	72.0000		-0.1814		
	73.0000		-0.1814		
	74.0000		-0.1800		
	75.0000		-0.1806		
	76.0000		-0.1808		
	77.0000		-0.1797		
	78.0000		-0.1776		
	79.0000		-0.1788		
	80.0000		-0.1782		
	81.0000		-0.1770		
	82.0000		-0.1770		
	83.0000		-0.1766		
	84.0000		-0.1750		
	85.0000		-0.1764		
	86.0000		-0.1782		
	87.0000		-0.1804		
	88.0000		-0.1820		
	89.0000		-0.1841		
	90.0000		-0.1847		
	91.0000		-0.1826		
	92.0000		-0.1841		
	93.0000		-0.1818		
	94.0000		-0.1800		
	95.0000		-0.1800		
	96.0000		-0.1800		
	97.0000		-0.1791		
	98.0000		-0.1785		
	99.0000		-0.1800		
	100.0000		-0.1800		
	101.0000		-0.1800		
	102.0000		-0.1800		
	103.0000		-0.1804		
	104.0000		-0.1773		
	105.0000		-0.1764		
	106.0000		-0.1785		
	107.0000		-0.1800		
	108.0000		-0.1794		
	109.0000		-0.1785		
	110.0000		-0.1768		
	111.0000		-0.1760		
	112.0000		-0.1756		
	113.0000		-0.1766		
	114.0000		-0.1752		
	115.0000		-0.1769		
	116.0000		-0.1788		
	117.0000		-0.1791		
	118.0000		-0.1770		
	119.0000		-0.1770		
	120.0000		-0.1768		
	121.0000		-0.1750		
	122.0000		-0.1732		
	123.0000		-0.1732		
	124.0000		-0.1753		
	125.0000		-0.1766		
	126.0000		-0.1788		
	127.0000		-0.1779		
	128.0000		-0.1770		
	129.0000		-0.1770		
	130.0000		-0.1782		
	131.0000		-0.1773		
	132.0000		-0.1770		
	133.0000		-0.1766		
	134.0000		-0.1750		
	135.0000		-0.1744		
	136.0000		-0.1720		
	137.0000		-0.1729		
	138.0000		-0.1720		
	139.0000		-0.1702		
	140.0000		-0.1697		
	141.0000		-0.1700		
	142.0000		-0.1700		
	143.0000		-0.1702		
	144.0000		-0.1700		
	145.0000		-0.1700		
	146.0000		-0.1700		
	147.0000		-0.1691		
	148.0000		-0.1670		
	149.0000		-0.1676		
	150.0000		-0.1685		
	151.0000		-0.1716		
	152.0000		-0.1704		
	153.0000		-0.1706		
	154.0000		-0.1716		
	155.0000		-0.1702		
	156.0000		-0.1718		
	157.0000		-0.1718		
	158.0000		-0.1706		
	159.0000		-0.1694		
	160.0000		-0.1664		
	161.0000		-0.1660		
	162.0000		-0.1652		
	163.0000		-0.1664		
	164.0000		-0.1652		
	165.0000		-0.1635		
	166.0000		-0.1632		
	167.0000		-0.1650		
	168.0000		-0.1650		
	169.0000		-0.1662		
	170.0000		-0.1652		
	171.0000		-0.1662		
	172.0000		-0.1691		
	173.0000		-0.1676		
	174.0000		-0.1670		
	175.0000		-0.1688		
	176.0000		-0.1676		
	177.0000		-0.1673		
	178.0000		-0.1658		
	179.0000		-0.1650		
	180.0000		-0.1650		
	181.0000		-0.1656		
	182.0000		-0.1650		
	183.0000		-0.1656		
	184.0000		-0.1650		
	185.0000		-0.1658		
	186.0000		-0.1668		
	187.0000		-0.1688		
	188.0000		-0.1685		
	189.0000		-0.1673		
	190.0000		-0.1660		
	191.0000		-0.1666		
	192.0000		-0.1652		
	193.0000		-0.1660		
	194.0000		-0.1662		
	195.0000		-0.1656		
	196.0000		-0.1644		
	197.0000		-0.1666		
	198.0000		-0.1664		
	199.0000		-0.1650		
	200.0000		-0.1635		
	201.0000		-0.1623		
	202.0000		-0.1623		
	203.0000		-0.1650		
	204.0000		-0.1652		
	205.0000		-0.1656		
	206.0000		-0.1650		
	207.0000		-0.1660		
	208.0000		-0.1666		
	209.0000		-0.1670		
	210.0000		-0.1658		
	211.0000		-0.1666		
	212.0000		-0.1652		
	213.0000		-0.1536		
	214.0000		-0.1225		
	215.0000		-0.1297		
	216.0000		-0.1410		
	217.0000		-0.1480		
	218.0000		-0.1567		
	219.0000		-0.1614		
	220.0000		-0.1638		
	221.0000		-0.1635		
	222.0000		-0.1644		
	223.0000		-0.1635		
	224.0000		-0.1632		
	225.0000		-0.1623		
	226.0000		-0.1626		
	227.0000		-0.1650		
	228.0000		-0.1650		
	229.0000		-0.1656		
	230.0000		-0.1670		
	231.0000		-0.1660		
	232.0000		-0.1647		
	233.0000		-0.1620		
	234.0000		-0.1635		
	235.0000		-0.1644		
	236.0000		-0.1650		
	237.0000		-0.1650		
	238.0000		-0.1623		
	239.0000		-0.1620		
	240.0000		-0.1618		
	241.0000		-0.1606		
	242.0000		-0.1620		
	243.0000		-0.1620		
	244.0000		-0.1620		
	245.0000		-0.1644		
	246.0000		-0.1644		
	247.0000		-0.1632		
	248.0000		-0.1635		
	249.0000		-0.1647		
	250.0000		-0.1658		
	251.0000		-0.1670		
	252.0000		-0.1668		
	253.0000		-0.1673		
	254.0000		-0.1688		
	255.0000		-0.1700		
	256.0000		-0.1682		
	257.0000		-0.1685		
	258.0000		-0.1700		
	259.0000		-0.1679		
	260.0000		-0.1697		
	261.0000		-0.1676		
	262.0000		-0.1668		
	263.0000		-0.1670		
	264.0000		-0.1673		
	265.0000		-0.1673		
	266.0000		-0.1676		
	267.0000		-0.1664		
	268.0000		-0.1650		
	269.0000		-0.1652		
	270.0000		-0.1650		
	271.0000		-0.1654		
	272.0000		-0.1670		
	273.0000		-0.1676		
	274.0000		-0.1670		
	275.0000		-0.1668		
	276.0000		-0.1682		
	277.0000		-0.1697		
	278.0000		-0.1700		
	279.0000		-0.1679		
	280.0000		-0.1670		
	281.0000		-0.1691		
	282.0000		-0.1704		
	283.0000		-0.1700		
	284.0000		-0.1700		
	285.0000		-0.1694		
	286.0000		-0.1720		
	287.0000		-0.1726		
	288.0000		-0.1716		
	289.0000		-0.1706		
	290.0000		-0.1714		
	291.0000		-0.1708		
	292.0000		-0.1697		
	293.0000		-0.1716		
	294.0000		-0.1710		
	295.0000		-0.1712		
	296.0000		-0.1720		
	297.0000		-0.1720		
	298.0000		-0.1716		
	299.0000		-0.1718		
	300.0000		-0.1714		
	301.0000		-0.1741		
	302.0000		-0.1741		
	303.0000		-0.1750		
	304.0000		-0.1750		
	305.0000		-0.1744		
	306.0000		-0.1735		
	307.0000		-0.1756		
	308.0000		-0.1764		
	309.0000		-0.1760		
	310.0000		-0.1750		
	311.0000		-0.1747		
	312.0000		-0.1744		
	313.0000		-0.1720		
	314.0000		-0.1723		
	315.0000		-0.1700		
	316.0000		-0.1676		
	317.0000		-0.1670		
	318.0000		-0.1702		
	319.0000		-0.1704		
	320.0000		-0.1716		
	321.0000		-0.1720		
	322.0000		-0.1700		
	323.0000		-0.1702		
	324.0000		-0.1694		
	325.0000		-0.1682		
	326.0000		-0.1697		
	327.0000		-0.1694		
	328.0000		-0.1679		
	329.0000		-0.1670		
	330.0000		-0.1670		
	331.0000		-0.1664		
	332.0000		-0.1666		
	333.0000		-0.1670		
	334.0000		-0.1670		
	335.0000		-0.1666		
	336.0000		-0.1650		
	337.0000		-0.1670		
	338.0000		-0.1688		
	339.0000		-0.1673		
	340.0000		-0.1670		
	341.0000		-0.1691		
	342.0000		-0.1700		
	343.0000		-0.1697		
	344.0000		-0.1670		
	345.0000		-0.1670		
	346.0000		-0.1679		
	347.0000		-0.1688		
	348.0000		-0.1673		
	349.0000		-0.1691		
	350.0000		-0.1700		
	351.0000		-0.1721		
	352.0000		-0.1723		
	353.0000		-0.1720		
	354.0000		-0.1720		
	355.0000		-0.1710		
	356.0000		-0.1706		
	357.0000		-0.1718		
	358.0000		-0.1700		
	359.0000		-0.1700		
	360.0000		-0.1706		
	361.0000		-0.1706		
	362.0000		-0.1694		
	363.0000		-0.1700		
	364.0000		-0.1700		
	365.0000		-0.1700		
	366.0000		-0.1694		
	367.0000		-0.1691		
	368.0000		-0.1679		
	369.0000		-0.1685		
	370.0000		-0.1697		
	371.0000		-0.1682		
	372.0000		-0.1670		
	373.0000		-0.1679		
	374.0000		-0.1700		
	375.0000		-0.1700		
	376.0000		-0.1704		
	377.0000		-0.1720		
	378.0000		-0.1697		
	379.0000		-0.1700		
	380.0000		-0.1714		
	381.0000		-0.1720		
	382.0000		-0.1720		
	383.0000		-0.1720		
	384.0000		-0.1712		
	385.0000		-0.1710		
	386.0000		-0.1700		
	387.0000		-0.1694		
	388.0000		-0.1700		
	389.0000		-0.1704		
	390.0000		-0.1694		
	391.0000		-0.1694		
	392.0000		-0.1694		
	393.0000		-0.1700		
	394.0000		-0.1700		
	395.0000		-0.1700		
	396.0000		-0.1704		
	397.0000		-0.1704		
	398.0000		-0.1702		
	399.0000		-0.1704		
	400.0000		-0.1694		
	401.0000		-0.1700		
	402.0000		-0.1700		
	403.0000		-0.1710		
	404.0000		-0.1710		
	405.0000		-0.1720		
	406.0000		-0.1720		
	407.0000		-0.1738		
	408.0000		-0.1754		
	409.0000		-0.1754		
	410.0000		-0.1750		
	411.0000		-0.1754		
	412.0000		-0.1758		
	413.0000		-0.1750		
	414.0000		-0.1746		
	415.0000		-0.1720		
	416.0000		-0.1720		
	417.0000		-0.1720		
	418.0000		-0.1716		
	419.0000		-0.1706		
	420.0000		-0.1716		
	421.0000		-0.1714		
	422.0000		-0.1744		
	423.0000		-0.1750		
	424.0000		-0.1762		
	425.0000		-0.1762		
	426.0000		-0.1754		
	427.0000		-0.1752		
	428.0000		-0.1770		
	429.0000		-0.1776		
	430.0000		-0.1770		
	431.0000		-0.1770		
	432.0000		-0.1773		
	433.0000		-0.1797		
	434.0000		-0.1779		
	435.0000		-0.1782		
	436.0000		-0.1794		
	437.0000		-0.1770		
	438.0000		-0.1788		
	439.0000		-0.1782		
	440.0000		-0.1799		
	441.0000		-0.1802		
	442.0000		-0.1800		
	443.0000		-0.1800		
	444.0000		-0.1800		
	445.0000		-0.1770		
	446.0000		-0.1773		
	447.0000		-0.1800		
	448.0000		-0.1800		
	449.0000		-0.1794		
	450.0000		-0.1804		
	451.0000		-0.1808		
	452.0000		-0.1800		
	453.0000		-0.1812		
	454.0000		-0.1818		
	455.0000		-0.1802		
	456.0000		-0.1791		
	457.0000		-0.1760		
	458.0000		-0.1766		
	459.0000		-0.1758		
	460.0000		-0.1770		
	461.0000		-0.1768		
	462.0000		-0.1782		
	463.0000		-0.1782		
	464.0000		-0.1782		
	465.0000		-0.1804		
	466.0000		-0.1808		
	467.0000		-0.1800		
	468.0000		-0.1816		
	469.0000		-0.1806		
	470.0000		-0.1800		
	471.0000		-0.1797		
	472.0000		-0.1797		
	473.0000		-0.1779		
	474.0000		-0.1782		
	475.0000		-0.1779		
	476.0000		-0.1768		
	477.0000		-0.1785		
	478.0000		-0.1788		
	479.0000		-0.1785		
	480.0000		-0.1785		
	481.0000		-0.1779		
	482.0000		-0.1773		
	483.0000		-0.1750		
	484.0000		-0.1750		
	485.0000		-0.1752		
	486.0000		-0.1770		
	487.0000		-0.1773		
	488.0000		-0.1788		
	489.0000		-0.1779		
	490.0000		-0.1773		
	491.0000		-0.1782		
	492.0000		-0.1800		
	493.0000		-0.1800		
	494.0000		-0.1800		
	495.0000		-0.1800		
	496.0000		-0.1802		
	497.0000		-0.1800		
	498.0000		-0.1797		
	499.0000		-0.1810		
	500.0000		-0.1838		
	501.0000		-0.1850		
	502.0000		-0.1850		
	503.0000		-0.1858		
	504.0000		-0.1897		
	505.0000		-0.1876		
	506.0000		-0.1906		
	507.0000		-0.1900		
	508.0000		-0.1921		
	509.0000		-0.1920		
	510.0000		-0.1920		
	511.0000		-0.1916		
	512.0000		-0.1900		
	513.0000		-0.1902		
	514.0000		-0.1904		
	515.0000		-0.1908		
	516.0000		-0.1885		
	517.0000		-0.1876		
	518.0000		-0.1870		
	519.0000		-0.1876		
	520.0000		-0.1873		
	521.0000		-0.1900		
	522.0000		-0.1873		
	523.0000		-0.1873		
	524.0000		-0.1888		
	525.0000		-0.1862		
	526.0000		-0.1844		
	527.0000		-0.1832		
	528.0000		-0.1823		
	529.0000		-0.1838		
	530.0000		-0.1852		
	531.0000		-0.1850		
	532.0000		-0.1850		
	533.0000		-0.1838		
	534.0000		-0.1850		
	535.0000		-0.1838		
	536.0000		-0.1820		
	537.0000		-0.1818		
	538.0000		-0.1802		
	539.0000		-0.1800		
	540.0000		-0.1797		
	541.0000		-0.1766		
	542.0000		-0.1766		
	543.0000		-0.1758		
	544.0000		-0.1758		
	545.0000		-0.1750		
	546.0000		-0.1750		
	547.0000		-0.1738		
	548.0000		-0.1741		
	549.0000		-0.1744		
	550.0000		-0.1720		
	551.0000		-0.1716		
	552.0000		-0.1706		
	553.0000		-0.1700		
	554.0000		-0.1679		
	555.0000		-0.1668		
	556.0000		-0.1687		
	557.0000		-0.1706		
	558.0000		-0.1720		
	559.0000		-0.1714		
	560.0000		-0.1712		
	561.0000		-0.1694		
	562.0000		-0.1708		
	563.0000		-0.1720		
	564.0000		-0.1720		
	565.0000		-0.1720		
	566.0000		-0.1706		
	567.0000		-0.1718		
	568.0000		-0.1720		
	569.0000		-0.1718		
	570.0000		-0.1700		
	571.0000		-0.1702		
	572.0000		-0.1714		
	573.0000		-0.1726		
	574.0000		-0.1747		
	575.0000		-0.1744		
	576.0000		-0.1750		
	577.0000		-0.1720		
	578.0000		-0.1720		
	579.0000		-0.1726		
	580.0000		-0.1723		
	581.0000		-0.1708		
	582.0000		-0.1700		
	583.0000		-0.1700		
	584.0000		-0.1700		
	585.0000		-0.1706		
	586.0000		-0.1720		
	587.0000		-0.1735		
	588.0000		-0.1741		
	589.0000		-0.1738		
	590.0000		-0.1720		
	591.0000		-0.1718		
	592.0000		-0.1700		
	593.0000		-0.1700		
	594.0000		-0.1706		
	595.0000		-0.1702		
	596.0000		-0.1702		
	597.0000		-0.1704		
	598.0000		-0.1720		
	599.0000		-0.1712		
	600.0000		-0.1708		
	601.0000		-0.1702		
	602.0000		-0.1706		
	603.0000		-0.1720		
	604.0000		-0.1720		
	605.0000		-0.1717		
	606.0000		-0.1726		
	607.0000		-0.1723		
	608.0000		-0.1732		
	609.0000		-0.1752		
	610.0000		-0.1750		
	611.0000		-0.1732		
	612.0000		-0.1729		
	613.0000		-0.1729		
	614.0000		-0.1750		
	615.0000		-0.1735		
	616.0000		-0.1738		
	617.0000		-0.1720		
	618.0000		-0.1716		
	619.0000		-0.1716		
	620.0000		-0.1720		
	621.0000		-0.1702		
	622.0000		-0.1694		
	623.0000		-0.1700		
	624.0000		-0.1700		
	625.0000		-0.1700		
	626.0000		-0.1710		
	627.0000		-0.1720		
	628.0000		-0.1729		
	629.0000		-0.1744		
	630.0000		-0.1747		
	631.0000		-0.1750		
	632.0000		-0.1744		
	633.0000		-0.1720		
	634.0000		-0.1732		
	635.0000		-0.1729		
	636.0000		-0.1750		
	637.0000		-0.1750		
	638.0000		-0.1747		
	639.0000		-0.1726		
	640.0000		-0.1712		
	641.0000		-0.1700		
	642.0000		-0.1685		
	643.0000		-0.1673		
	644.0000		-0.1670		
	645.0000		-0.1670		
	646.0000		-0.1697		
	647.0000		-0.1685		
	648.0000		-0.1679		
	649.0000		-0.1670		
	650.0000		-0.1673		
	651.0000		-0.1688		
	652.0000		-0.1688		
	653.0000		-0.1670		
	654.0000		-0.1658		
	655.0000		-0.1650		
	656.0000		-0.1650		
	657.0000		-0.1650		
	658.0000		-0.1666		
	659.0000		-0.1660		
	660.0000		-0.1666		
	661.0000		-0.1688		
	662.0000		-0.1670		
	663.0000		-0.1694		
	664.0000		-0.1727		
	665.0000		-0.1735		
	666.0000		-0.1735		
	667.0000		-0.1750		
	668.0000		-0.1738		
	669.0000		-0.1726		
	670.0000		-0.1723		
	671.0000		-0.1720		
	672.0000		-0.1718		
	673.0000		-0.1702		
	674.0000		-0.1685		
	675.0000		-0.1676		
	676.0000		-0.1670		
	677.0000		-0.1673		
	678.0000		-0.1702		
	679.0000		-0.1718		
	680.0000		-0.1726		
	681.0000		-0.1750		
	682.0000		-0.1762		
	683.0000		-0.1750		
	684.0000		-0.1741		
	685.0000		-0.1720		
	686.0000		-0.1729		
	687.0000		-0.1741		
	688.0000		-0.1738		
	689.0000		-0.1723		
	690.0000		-0.1720		
	691.0000		-0.1720		
	692.0000		-0.1714		
	693.0000		-0.1726		
	694.0000		-0.1744		
	695.0000		-0.1720		
	696.0000		-0.1714		
	697.0000		-0.1720		
	698.0000		-0.1718		
	699.0000		-0.1729		
	700.0000		-0.1741		
	701.0000		-0.1724		
	702.0000		-0.1704		
	703.0000		-0.1710		
	704.0000		-0.1702		
	705.0000		-0.1676		
	706.0000		-0.1670		
	707.0000		-0.1670		
	708.0000		-0.1658		
	709.0000		-0.1650		
	710.0000		-0.1660		
	711.0000		-0.1668		
	712.0000		-0.1670		
	713.0000		-0.1670		
	714.0000		-0.1660		
	715.0000		-0.1670		
	716.0000		-0.1654		
	717.0000		-0.1650		
	718.0000		-0.1650		
	719.0000		-0.1650		
	720.0000		-0.1650		
	721.0000		-0.1654		
	722.0000		-0.1670		
	723.0000		-0.1670		
	724.0000		-0.1688		
	725.0000		-0.1700		
	726.0000		-0.1697		
	727.0000		-0.1706		
	728.0000		-0.1706		
	729.0000		-0.1697		
	730.0000		-0.1700		
	731.0000		-0.1694		
	732.0000		-0.1688		
	733.0000		-0.1691		
	734.0000		-0.1700		
	735.0000		-0.1700		
	736.0000		-0.1700		
	737.0000		-0.1702		
	738.0000		-0.1718		
	739.0000		-0.1704		
	740.0000		-0.1691		
	741.0000		-0.1688		
	742.0000		-0.1670		
	743.0000		-0.1660		
	744.0000		-0.1666		
	745.0000		-0.1644		
	746.0000		-0.1632		
	747.0000		-0.1610		
	748.0000		-0.1606		
	749.0000		-0.1624		
	750.0000		-0.1641		
	751.0000		-0.1638		
	752.0000		-0.1638		
	753.0000		-0.1620		
	754.0000		-0.1620		
	755.0000		-0.1620		
	756.0000		-0.1632		
	757.0000		-0.1650		
	758.0000		-0.1620		
	759.0000		-0.1616		
	760.0000		-0.1614		
	761.0000		-0.1626		
	762.0000		-0.1618		
	763.0000		-0.1614		
	764.0000		-0.1616		
	765.0000		-0.1638		
	766.0000		-0.1650		
	767.0000		-0.1641		
	768.0000		-0.1626		
	769.0000		-0.1632		
	770.0000		-0.1626		
	771.0000		-0.1623		
	772.0000		-0.1620		
	773.0000		-0.1616		
	774.0000		-0.1600		
	775.0000		-0.1600		
	776.0000		-0.1600		
	777.0000		-0.1602		
	778.0000		-0.1608		
	779.0000		-0.1629		
	780.0000		-0.1614		
	781.0000		-0.1632		
	782.0000		-0.1650		
	783.0000		-0.1654		
	784.0000		-0.1668		
	785.0000		-0.1668		
	786.0000		-0.1664		
	787.0000		-0.1662		
	788.0000		-0.1643		
	789.0000		-0.1647		
	790.0000		-0.1650		
	791.0000		-0.1638		
	792.0000		-0.1644		
	793.0000		-0.1650		
	794.0000		-0.1650		
	795.0000		-0.1679		
	796.0000		-0.1676		
	797.0000		-0.1662		
	798.0000		-0.1656		
	799.0000		-0.1626		
	800.0000		-0.1620		
	801.0000		-0.1623		
	802.0000		-0.1623		
	803.0000		-0.1660		
	804.0000		-0.1668		
	805.0000		-0.1664		
	806.0000		-0.1650		
	807.0000		-0.1618		
	808.0000		-0.1614		
	809.0000		-0.1596		
	810.0000		-0.1593		
	811.0000		-0.1604		
	812.0000		-0.1618		
	813.0000		-0.1616		
	814.0000		-0.1616		
	815.0000		-0.1600		
	816.0000		-0.1606		
	817.0000		-0.1600		
	818.0000		-0.1591		
	819.0000		-0.1579		
	820.0000		-0.1596		
	821.0000		-0.1629		
	822.0000		-0.1647		
	823.0000		-0.1616		
	824.0000		-0.1610		
	825.0000		-0.1612		
	826.0000		-0.1620		
	827.0000		-0.1635		
	828.0000		-0.1650		
	829.0000		-0.1652		
	830.0000		-0.1644		
	831.0000		-0.1623		
	832.0000		-0.1620		
	833.0000		-0.1602		
	834.0000		-0.1600		
	835.0000		-0.1600		
	836.0000		-0.1600		
	837.0000		-0.1617		
	838.0000		-0.1644		
	839.0000		-0.1644		
	840.0000		-0.1635		
	841.0000		-0.1650		
	842.0000		-0.1660		
	843.0000		-0.1673		
	844.0000		-0.1706		
	845.0000		-0.1718		
	846.0000		-0.1708		
	847.0000		-0.1702		
	848.0000		-0.1688		
	849.0000		-0.1679		
	850.0000		-0.1673		
	851.0000		-0.1662		
	852.0000		-0.1670		
	853.0000		-0.1697		
	854.0000		-0.1697		
	855.0000		-0.1697		
	856.0000		-0.1669		
	857.0000		-0.1660		
	858.0000		-0.1666		
	859.0000		-0.1679		
	860.0000		-0.1670		
	861.0000		-0.1670		
	862.0000		-0.1660		
	863.0000		-0.1650		
	864.0000		-0.1652		
	865.0000		-0.1656		
	866.0000		-0.1664		
	867.0000		-0.1660		
	868.0000		-0.1662		
	869.0000		-0.1652		
	870.0000		-0.1650		
	871.0000		-0.1656		
	872.0000		-0.1662		
	873.0000		-0.1670		
	874.0000		-0.1658		
	875.0000		-0.1650		
	876.0000		-0.1656		
	877.0000		-0.1673		
	878.0000		-0.1666		
	879.0000		-0.1650		
	880.0000		-0.1638		
	881.0000		-0.1620		
	882.0000		-0.1647		
	883.0000		-0.1641		
	884.0000		-0.1632		
	885.0000		-0.1626		
	886.0000		-0.1620		
	887.0000		-0.1610		
	888.0000		-0.1618		
	889.0000		-0.1608		
	890.0000		-0.1614		
	891.0000		-0.1620		
	892.0000		-0.1623		
	893.0000		-0.1620		
	894.0000		-0.1638		
	895.0000		-0.1643		
	896.0000		-0.1668		
	897.0000		-0.1670		
	898.0000		-0.1670		
	899.0000		-0.1656		
END
