IGOR
X| Tue Jul 04 22:59:49 2017
X|   0.000000000000 0 X|
X|   0.000000000000 0 X|
X|   0.000000000000 0 X|
X|   0.000000000000 0 X|
X| data_type 	 num_points 	 num_chans 	 shots_per_read 	 reads_per_point 	 num_sweeps
X|      0   			  300   		     1    		   30  		    10     			   1
WAVES	  XDATA  Z1DATA	 
BEGIN
	0.0000		-0.1756		
	1.0000		-0.1735		
	2.0000		-0.1726		
	3.0000		-0.1764		
	4.0000		-0.1791		
	5.0000		-0.1810		
	6.0000		-0.1840		
	7.0000		-0.1873		
	8.0000		-0.1904		
	9.0000		-0.1920		
	10.0000		-0.1920		
	11.0000		-0.1920		
	12.0000		-0.1935		
	13.0000		-0.1916		
	14.0000		-0.1900		
	15.0000		-0.1879		
	16.0000		-0.1873		
	17.0000		-0.1891		
	18.0000		-0.1870		
	19.0000		-0.1870		
	20.0000		-0.1858		
	21.0000		-0.1860		
	22.0000		-0.1870		
	23.0000		-0.1870		
	24.0000		-0.1879		
	25.0000		-0.1860		
	26.0000		-0.1862		
	27.0000		-0.1870		
	28.0000		-0.1882		
	29.0000		-0.1858		
	30.0000		-0.1848		
	31.0000		-0.1820		
	32.0000		-0.1818		
	33.0000		-0.1808		
	34.0000		-0.1773		
	35.0000		-0.1776		
	36.0000		-0.1788		
	37.0000		-0.1770		
	38.0000		-0.1788		
	39.0000		-0.1788		
	40.0000		-0.1791		
	41.0000		-0.1766		
	42.0000		-0.1752		
	43.0000		-0.1741		
	44.0000		-0.1758		
	45.0000		-0.1770		
	46.0000		-0.1770		
	47.0000		-0.1764		
	48.0000		-0.1747		
	49.0000		-0.1766		
	50.0000		-0.1770		
	51.0000		-0.1762		
	52.0000		-0.1744		
	53.0000		-0.1750		
	54.0000		-0.1760		
	55.0000		-0.1776		
	56.0000		-0.1800		
	57.0000		-0.1808		
	58.0000		-0.1804		
	59.0000		-0.1806		
	60.0000		-0.1777		
	61.0000		-0.1770		
	62.0000		-0.1782		
	63.0000		-0.1770		
	64.0000		-0.1785		
	65.0000		-0.1794		
	66.0000		-0.1788		
	67.0000		-0.1770		
	68.0000		-0.1768		
	69.0000		-0.1753		
	70.0000		-0.1712		
	71.0000		-0.1679		
	72.0000		-0.1682		
	73.0000		-0.1688		
	74.0000		-0.1653		
	75.0000		-0.1623		
	76.0000		-0.1608		
	77.0000		-0.1600		
	78.0000		-0.1635		
	79.0000		-0.1671		
	80.0000		-0.1694		
	81.0000		-0.1700		
	82.0000		-0.1700		
	83.0000		-0.1712		
	84.0000		-0.1747		
	85.0000		-0.1764		
	86.0000		-0.1773		
	87.0000		-0.1794		
	88.0000		-0.1814		
	89.0000		-0.1844		
	90.0000		-0.1854		
	91.0000		-0.1844		
	92.0000		-0.1832		
	93.0000		-0.1806		
	94.0000		-0.1820		
	95.0000		-0.1820		
	96.0000		-0.1823		
	97.0000		-0.1816		
	98.0000		-0.1820		
	99.0000		-0.1814		
	100.0000		-0.1808		
	101.0000		-0.1820		
	102.0000		-0.1820		
	103.0000		-0.1829		
	104.0000		-0.1847		
	105.0000		-0.1847		
	106.0000		-0.1858		
	107.0000		-0.1852		
	108.0000		-0.1852		
	109.0000		-0.1868		
	110.0000		-0.1870		
	111.0000		-0.1858		
	112.0000		-0.1858		
	113.0000		-0.1876		
	114.0000		-0.1900		
	115.0000		-0.1912		
	116.0000		-0.1910		
	117.0000		-0.1901		
	118.0000		-0.1866		
	119.0000		-0.1852		
	120.0000		-0.1850		
	121.0000		-0.1841		
	122.0000		-0.1829		
	123.0000		-0.1848		
	124.0000		-0.1864		
	125.0000		-0.1899		
	126.0000		-0.1885		
	127.0000		-0.1891		
	128.0000		-0.1882		
	129.0000		-0.1897		
	130.0000		-0.1900		
	131.0000		-0.1918		
	132.0000		-0.1920		
	133.0000		-0.1920		
	134.0000		-0.1918		
	135.0000		-0.1900		
	136.0000		-0.1894		
	137.0000		-0.1870		
	138.0000		-0.1862		
	139.0000		-0.1850		
	140.0000		-0.1862		
	141.0000		-0.1866		
	142.0000		-0.1858		
	143.0000		-0.1852		
	144.0000		-0.1856		
	145.0000		-0.1850		
	146.0000		-0.1862		
	147.0000		-0.1860		
	148.0000		-0.1860		
	149.0000		-0.1876		
	150.0000		-0.1879		
	151.0000		-0.1894		
	152.0000		-0.1888		
	153.0000		-0.1897		
	154.0000		-0.1894		
	155.0000		-0.1900		
	156.0000		-0.1902		
	157.0000		-0.1902		
	158.0000		-0.1900		
	159.0000		-0.1893		
	160.0000		-0.1882		
	161.0000		-0.1873		
	162.0000		-0.1904		
	163.0000		-0.1918		
	164.0000		-0.1914		
	165.0000		-0.1902		
	166.0000		-0.1882		
	167.0000		-0.1870		
	168.0000		-0.1868		
	169.0000		-0.1866		
	170.0000		-0.1860		
	171.0000		-0.1870		
	172.0000		-0.1870		
	173.0000		-0.1870		
	174.0000		-0.1850		
	175.0000		-0.1854		
	176.0000		-0.1862		
	177.0000		-0.1862		
	178.0000		-0.1866		
	179.0000		-0.1870		
	180.0000		-0.1870		
	181.0000		-0.1853		
	182.0000		-0.1850		
	183.0000		-0.1864		
	184.0000		-0.1862		
	185.0000		-0.1870		
	186.0000		-0.1879		
	187.0000		-0.1885		
	188.0000		-0.1882		
	189.0000		-0.1904		
	190.0000		-0.1910		
	191.0000		-0.1903		
	192.0000		-0.1870		
	193.0000		-0.1854		
	194.0000		-0.1864		
	195.0000		-0.1850		
	196.0000		-0.1832		
	197.0000		-0.1864		
	198.0000		-0.1868		
	199.0000		-0.1850		
	200.0000		-0.1850		
	201.0000		-0.1832		
	202.0000		-0.1820		
	203.0000		-0.1841		
	204.0000		-0.1873		
	205.0000		-0.1888		
	206.0000		-0.1888		
	207.0000		-0.1885		
	208.0000		-0.1870		
	209.0000		-0.1870		
	210.0000		-0.1868		
	211.0000		-0.1866		
	212.0000		-0.1870		
	213.0000		-0.1862		
	214.0000		-0.1829		
	215.0000		-0.1820		
	216.0000		-0.1823		
	217.0000		-0.1829		
	218.0000		-0.1844		
	219.0000		-0.1850		
	220.0000		-0.1860		
	221.0000		-0.1870		
	222.0000		-0.1870		
	223.0000		-0.1873		
	224.0000		-0.1864		
	225.0000		-0.1866		
	226.0000		-0.1850		
	227.0000		-0.1832		
	228.0000		-0.1850		
	229.0000		-0.1847		
	230.0000		-0.1850		
	231.0000		-0.1847		
	232.0000		-0.1823		
	233.0000		-0.1823		
	234.0000		-0.1838		
	235.0000		-0.1829		
	236.0000		-0.1830		
	237.0000		-0.1818		
	238.0000		-0.1814		
	239.0000		-0.1806		
	240.0000		-0.1818		
	241.0000		-0.1823		
	242.0000		-0.1826		
	243.0000		-0.1860		
	244.0000		-0.1870		
	245.0000		-0.1868		
	246.0000		-0.1873		
	247.0000		-0.1870		
	248.0000		-0.1866		
	249.0000		-0.1858		
	250.0000		-0.1844		
	251.0000		-0.1847		
	252.0000		-0.1823		
	253.0000		-0.1810		
	254.0000		-0.1804		
	255.0000		-0.1801		
	256.0000		-0.1768		
	257.0000		-0.1750		
	258.0000		-0.1756		
	259.0000		-0.1754		
	260.0000		-0.1770		
	261.0000		-0.1768		
	262.0000		-0.1764		
	263.0000		-0.1779		
	264.0000		-0.1782		
	265.0000		-0.1773		
	266.0000		-0.1766		
	267.0000		-0.1758		
	268.0000		-0.1770		
	269.0000		-0.1770		
	270.0000		-0.1770		
	271.0000		-0.1770		
	272.0000		-0.1782		
	273.0000		-0.1788		
	274.0000		-0.1776		
	275.0000		-0.1788		
	276.0000		-0.1800		
	277.0000		-0.1800		
	278.0000		-0.1804		
	279.0000		-0.1800		
	280.0000		-0.1792		
	281.0000		-0.1820		
	282.0000		-0.1829		
	283.0000		-0.1838		
	284.0000		-0.1850		
	285.0000		-0.1847		
	286.0000		-0.1850		
	287.0000		-0.1860		
	288.0000		-0.1870		
	289.0000		-0.1873		
	290.0000		-0.1876		
	291.0000		-0.1856		
	292.0000		-0.1858		
	293.0000		-0.1850		
	294.0000		-0.1856		
	295.0000		-0.1856		
	296.0000		-0.1841		
	297.0000		-0.1820		
	298.0000		-0.1804		
	299.0000		-0.1810		
END
