IGOR
X| Tue Jul 04 22:54:22 2017
X|   0.000000000000 0 X|
X|   0.000000000000 0 X|
X|   0.000000000000 0 X|
X|   0.000000000000 0 X|
X| data_type 	 num_points 	 num_chans 	 shots_per_read 	 reads_per_point 	 num_sweeps
X|      0   			  300   		     1    		   30  		    10     			   1
WAVES	  XDATA  Z1DATA	 
BEGIN
	0.0000		-0.1414		
	1.0000		-0.1440		
	2.0000		-0.1470		
	3.0000		-0.1501		
	4.0000		-0.1547		
	5.0000		-0.1570		
	6.0000		-0.1570		
	7.0000		-0.1570		
	8.0000		-0.1582		
	9.0000		-0.1570		
	10.0000		-0.1582		
	11.0000		-0.1597		
	12.0000		-0.1597		
	13.0000		-0.1576		
	14.0000		-0.1570		
	15.0000		-0.1570		
	16.0000		-0.1570		
	17.0000		-0.1570		
	18.0000		-0.1570		
	19.0000		-0.1573		
	20.0000		-0.1570		
	21.0000		-0.1579		
	22.0000		-0.1602		
	23.0000		-0.1612		
	24.0000		-0.1604		
	25.0000		-0.1610		
	26.0000		-0.1600		
	27.0000		-0.1597		
	28.0000		-0.1582		
	29.0000		-0.1570		
	30.0000		-0.1600		
	31.0000		-0.1618		
	32.0000		-0.1635		
	33.0000		-0.1638		
	34.0000		-0.1620		
	35.0000		-0.1618		
	36.0000		-0.1600		
	37.0000		-0.1602		
	38.0000		-0.1604		
	39.0000		-0.1608		
	40.0000		-0.1604		
	41.0000		-0.1620		
	42.0000		-0.1618		
	43.0000		-0.1610		
	44.0000		-0.1600		
	45.0000		-0.1600		
	46.0000		-0.1594		
	47.0000		-0.1570		
	48.0000		-0.1570		
	49.0000		-0.1566		
	50.0000		-0.1568		
	51.0000		-0.1591		
	52.0000		-0.1608		
	53.0000		-0.1641		
	54.0000		-0.1632		
	55.0000		-0.1626		
	56.0000		-0.1660		
	57.0000		-0.1650		
	58.0000		-0.1654		
	59.0000		-0.1650		
	60.0000		-0.1656		
	61.0000		-0.1650		
	62.0000		-0.1647		
	63.0000		-0.1635		
	64.0000		-0.1620		
	65.0000		-0.1620		
	66.0000		-0.1651		
	67.0000		-0.1652		
	68.0000		-0.1652		
	69.0000		-0.1644		
	70.0000		-0.1614		
	71.0000		-0.1600		
	72.0000		-0.1600		
	73.0000		-0.1597		
	74.0000		-0.1591		
	75.0000		-0.1588		
	76.0000		-0.1570		
	77.0000		-0.1564		
	78.0000		-0.1550		
	79.0000		-0.1570		
	80.0000		-0.1570		
	81.0000		-0.1570		
	82.0000		-0.1591		
	83.0000		-0.1600		
	84.0000		-0.1588		
	85.0000		-0.1570		
	86.0000		-0.1582		
	87.0000		-0.1570		
	88.0000		-0.1570		
	89.0000		-0.1570		
	90.0000		-0.1594		
	91.0000		-0.1600		
	92.0000		-0.1600		
	93.0000		-0.1570		
	94.0000		-0.1573		
	95.0000		-0.1591		
	96.0000		-0.1600		
	97.0000		-0.1585		
	98.0000		-0.1570		
	99.0000		-0.1570		
	100.0000		-0.1570		
	101.0000		-0.1568		
	102.0000		-0.1550		
	103.0000		-0.1535		
	104.0000		-0.1520		
	105.0000		-0.1520		
	106.0000		-0.1523		
	107.0000		-0.1523		
	108.0000		-0.1520		
	109.0000		-0.1520		
	110.0000		-0.1535		
	111.0000		-0.1552		
	112.0000		-0.1550		
	113.0000		-0.1550		
	114.0000		-0.1550		
	115.0000		-0.1541		
	116.0000		-0.1550		
	117.0000		-0.1552		
	118.0000		-0.1580		
	119.0000		-0.1614		
	120.0000		-0.1600		
	121.0000		-0.1606		
	122.0000		-0.1608		
	123.0000		-0.1600		
	124.0000		-0.1576		
	125.0000		-0.1570		
	126.0000		-0.1582		
	127.0000		-0.1573		
	128.0000		-0.1570		
	129.0000		-0.1570		
	130.0000		-0.1576		
	131.0000		-0.1600		
	132.0000		-0.1600		
	133.0000		-0.1602		
	134.0000		-0.1579		
	135.0000		-0.1582		
	136.0000		-0.1602		
	137.0000		-0.1614		
	138.0000		-0.1606		
	139.0000		-0.1606		
	140.0000		-0.1610		
	141.0000		-0.1612		
	142.0000		-0.1626		
	143.0000		-0.1623		
	144.0000		-0.1620		
	145.0000		-0.1620		
	146.0000		-0.1626		
	147.0000		-0.1623		
	148.0000		-0.1623		
	149.0000		-0.1620		
	150.0000		-0.1618		
	151.0000		-0.1600		
	152.0000		-0.1610		
	153.0000		-0.1600		
	154.0000		-0.1612		
	155.0000		-0.1612		
	156.0000		-0.1618		
	157.0000		-0.1606		
	158.0000		-0.1585		
	159.0000		-0.1573		
	160.0000		-0.1600		
	161.0000		-0.1604		
	162.0000		-0.1606		
	163.0000		-0.1618		
	164.0000		-0.1620		
	165.0000		-0.1620		
	166.0000		-0.1620		
	167.0000		-0.1620		
	168.0000		-0.1616		
	169.0000		-0.1602		
	170.0000		-0.1620		
	171.0000		-0.1641		
	172.0000		-0.1652		
	173.0000		-0.1638		
	174.0000		-0.1610		
	175.0000		-0.1600		
	176.0000		-0.1594		
	177.0000		-0.1573		
	178.0000		-0.1579		
	179.0000		-0.1573		
	180.0000		-0.1570		
	181.0000		-0.1570		
	182.0000		-0.1566		
	183.0000		-0.1562		
	184.0000		-0.1560		
	185.0000		-0.1566		
	186.0000		-0.1554		
	187.0000		-0.1576		
	188.0000		-0.1591		
	189.0000		-0.1570		
	190.0000		-0.1588		
	191.0000		-0.1570		
	192.0000		-0.1570		
	193.0000		-0.1570		
	194.0000		-0.1600		
	195.0000		-0.1600		
	196.0000		-0.1616		
	197.0000		-0.1620		
	198.0000		-0.1604		
	199.0000		-0.1618		
	200.0000		-0.1600		
	201.0000		-0.1600		
	202.0000		-0.1600		
	203.0000		-0.1600		
	204.0000		-0.1600		
	205.0000		-0.1608		
	206.0000		-0.1604		
	207.0000		-0.1582		
	208.0000		-0.1588		
	209.0000		-0.1594		
	210.0000		-0.1597		
	211.0000		-0.1610		
	212.0000		-0.1616		
	213.0000		-0.1593		
	214.0000		-0.1594		
	215.0000		-0.1614		
	216.0000		-0.1616		
	217.0000		-0.1612		
	218.0000		-0.1606		
	219.0000		-0.1602		
	220.0000		-0.1588		
	221.0000		-0.1570		
	222.0000		-0.1582		
	223.0000		-0.1579		
	224.0000		-0.1597		
	225.0000		-0.1600		
	226.0000		-0.1594		
	227.0000		-0.1570		
	228.0000		-0.1570		
	229.0000		-0.1570		
	230.0000		-0.1558		
	231.0000		-0.1566		
	232.0000		-0.1570		
	233.0000		-0.1579		
	234.0000		-0.1570		
	235.0000		-0.1558		
	236.0000		-0.1550		
	237.0000		-0.1550		
	238.0000		-0.1546		
	239.0000		-0.1553		
	240.0000		-0.1573		
	241.0000		-0.1600		
	242.0000		-0.1573		
	243.0000		-0.1562		
	244.0000		-0.1566		
	245.0000		-0.1570		
	246.0000		-0.1570		
	247.0000		-0.1566		
	248.0000		-0.1570		
	249.0000		-0.1570		
	250.0000		-0.1570		
	251.0000		-0.1570		
	252.0000		-0.1579		
	253.0000		-0.1600		
	254.0000		-0.1597		
	255.0000		-0.1600		
	256.0000		-0.1606		
	257.0000		-0.1620		
	258.0000		-0.1610		
	259.0000		-0.1585		
	260.0000		-0.1570		
	261.0000		-0.1579		
	262.0000		-0.1606		
	263.0000		-0.1597		
	264.0000		-0.1594		
	265.0000		-0.1600		
	266.0000		-0.1600		
	267.0000		-0.1594		
	268.0000		-0.1600		
	269.0000		-0.1602		
	270.0000		-0.1600		
	271.0000		-0.1597		
	272.0000		-0.1594		
	273.0000		-0.1591		
	274.0000		-0.1591		
	275.0000		-0.1600		
	276.0000		-0.1602		
	277.0000		-0.1595		
	278.0000		-0.1594		
	279.0000		-0.1606		
	280.0000		-0.1606		
	281.0000		-0.1601		
	282.0000		-0.1570		
	283.0000		-0.1570		
	284.0000		-0.1582		
	285.0000		-0.1579		
	286.0000		-0.1588		
	287.0000		-0.1570		
	288.0000		-0.1570		
	289.0000		-0.1585		
	290.0000		-0.1600		
	291.0000		-0.1600		
	292.0000		-0.1600		
	293.0000		-0.1591		
	294.0000		-0.1600		
	295.0000		-0.1597		
	296.0000		-0.1570		
	297.0000		-0.1582		
	298.0000		-0.1588		
	299.0000		-0.1597		
END
